Bcell,NKcell,Tcell,cDC,NClassMonocyte,pDC,ClassMonocyte
AAACATACAACCAC-1,0.0647601072268378,0.0319951623294669,0.698811251871305,0.00598898252132593,0.136122327679454,0.00277155993473459,0.0595506084368758
AAACATTGAGCTAC-1,0.956276798893809,0.00409915240184978,0.00768694556392486,0.0120595484485455,0.011892970504325,0.000355086385892556,0.00762949780165218
AAACATTGATCAGC-1,0.00928866907178433,0.0337831523786997,0.942028960205855,0.000859011492390734,0.00510121613006002,0.000397530269592372,0.00854146045161691
AAACCGTGCTTCCG-1,0.149940146225876,0.0740789294241338,0.354604180579133,0.0138663904960498,0.263214806955339,0.00641703864941302,0.137878507670055
AAACGCACTGGTAC-1,0.0990085874490222,0.0489158521650821,0.693263727309437,0.0091562649587414,0.0543742271501864,0.00423730358536614,0.0910440373821653
AAACGCTGACCAGT-1,0.17013400981394,0.0840558418080629,0.47291165887977,0.0157339088689675,0.0934353826898693,0.00728128213144405,0.156447915807946
AAACGCTGGTTCTT-1,0.00696115529045805,0.00343920515788822,0.978433801714681,0.000643764184838393,0.00382297584593669,0.000297918889457319,0.00640117891673966
AAACGCTGTAGCCA-1,0.782143256263252,0.0110756525108236,0.170822509250318,0.00207318495891069,0.0123115517736952,0.000959421128539942,0.0206144241144617
AAACGCTGTTTCTG-1,0.903769831722605,0.00913805859833396,0.0171361667307197,0.00171049837571792,0.0504457652794963,0.00079157832742083,0.0170081009657052
AAACTTGAAAAACG-1,0.648498819157361,0.00277141137143996,0.0112054384819127,0.323260509847252,0.008865493686169,0.00024007169134874,0.00515825576451566
AAACTTGATCCAGA-1,0.0262584478534932,0.0129731610027463,0.918649294758106,0.00242836819003755,0.014420797711838,0.00112379155549634,0.0241461389282835
AAAGAGACGAGATA-1,0.0262947643490972,0.0129911036529738,0.918536783211425,0.00243172677402162,0.0144407421584481,0.00112534582820684,0.0241795340258273
AAAGAGACGCGAGA-1,0.0112783335093207,0.000225950997656823,0.00095983012217356,0.000716804718236788,0.000251164194401566,1.95728568932308e-05,0.986548343601319
AAAGAGACGGACTT-1,0.169751151789591,0.0838666892421336,0.474097781756357,0.0156985025628527,0.0932251216410189,0.00726489692439471,0.156095856083652
AAAGCAGATATCGG-1,0.0826334492597817,0.0408256063130744,0.0765583181591638,0.00764190037191963,0.184605185414087,0.00353649135137694,0.604199049130597
AAAGCCTGTATGCG-1,0.0379338374731932,0.0187414655253045,0.882478032912599,0.00350810252842404,0.0208327694714231,0.00162346715345389,0.0348823249356014
AAAGGCCTGTCTAG-1,0.99999996771809,6.2835829416761e-10,2.89880232097971e-08,7.43098764643023e-10,6.98474923812949e-10,5.44311248440997e-11,1.16952425213629e-09
AAAGTTTGATCACG-1,0.921219277348516,0.012868701999103,0.0241320649240387,0.00240881514070397,0.0143046821698316,0.00111474286461429,0.0239517155531918
AAAGTTTGGGGTGA-1,0.847739684672056,0.0194929387706826,0.0365541811477286,0.0365755386914059,0.0216680977946805,0.00168856302742967,0.0362809958960164
AAAGTTTGTAGAGA-1,0.168307622184893,0.0831535038648622,0.478569948243533,0.0155650056710548,0.0924323539603066,0.00720311770961907,0.154768448365732
AAAGTTTGTAGCGT-1,0.0135617769481192,0.00670028623623207,0.0125647281534603,0.00125418639061598,0.00744795132984759,0.350277769188759,0.608193301752967
AAATCAACAATGCC-1,0.999999999999813,3.05380933745139e-14,5.72666343076488e-14,5.71624252528543e-15,3.39457486789695e-14,2.64534229356801e-15,5.68386563758018e-14
AAATCAACACCAGT-1,0.0577826083787969,0.0285478826750458,0.820985003566232,0.00534370692408312,0.0317334561629313,0.0024729415987701,0.0531344006941402
AAATCAACCAGGAG-1,0.051779832253508,0.025582171262546,0.839582068838635,0.00478857319714516,0.0284368096213086,0.00221603879553847,0.0476145060313192
AAATCAACCCTATT-1,1.65881270729101e-26,8.19547473428853e-27,6.23840572293898e-26,1,2.12011572757738e-25,7.09927619868757e-28,1.52537279893612e-26
AAATCAACGGAAGC-1,0.0699932696879985,0.0345806409995623,0.709478195355591,0.00647294276236011,0.11211662638227,0.00299552532638985,0.0643627994858286
AAATCAACTCGCAA-1,0.00942531805317982,0.00465664117336981,0.970799634624017,0.000871648729780826,0.00517626195720855,0.000403378485050755,0.00866711697739264
AAATCATGACCACA-1,8.96186947421054e-05,4.42767134290676e-05,0.000206959332827403,8.28789241399266e-06,0.999564612429304,3.83544124052221e-06,8.24094960425752e-05
AAATGTTGAACGAA-1,0.00464167863602672,0.00229325223339398,0.00430042685679838,0.000429260129660659,0.00254914947985083,0.000198651469257281,0.985587581195012
AAATGTTGCCACAA-1,0.0179516424966537,0.00886912869992071,0.641071341323514,0.304973238638599,0.00985880827351277,0.000768282453321526,0.0165075581144773
AAATGTTGTGGCAT-1,0.0222834428574604,0.0110092835902895,0.0206451860276867,0.00206076176505137,0.0122377766051079,0.000953671966554935,0.930809877187848
AAATTCGAAGGTTC-1,0.00976986388467301,0.00482686634093648,0.969732204946913,0.00090351215797331,0.00536548204014187,0.000418124128498338,0.00898394650086511
AAATTCGAATCACG-1,0.0599767636654524,0.029631919883094,0.0555673303023525,0.00554662135165824,0.0329384576080271,0.0025668456120617,0.813772061577354
AAATTCGAGCTGAT-1,0.0513702371169927,0.0253798079461236,0.117108292775996,0.0302488516404557,0.194523362907531,0.00219850920498857,0.579170938407912
AAATTCGAGGAGTG-1,0.016850967165023,0.00832533255798107,0.947794398540119,0.00155836906375845,0.00925433177858139,0.000721176467867759,0.0154954244266689
AAATTCGATTCTCA-1,1.94504141994254e-25,1,1.56048413787192e-24,1.79876468271269e-26,4.71984368641416e-25,8.32425892818701e-27,1.78857640937206e-25
AAATTGACACGACT-1,0.0170441154823756,0.0890552299376098,0.722202333902522,0.00157623132295159,0.00936040632199006,0.000729442700379299,0.160032240332174
AAATTGACTCGCTC-1,0.0113998216700046,0.005632157961581,0.964682469366015,0.00105424986950122,0.00626063358523251,0.000487881987720172,0.0104827855599453
AACAAACTCATTTC-1,0.0309666906842367,0.0152992998912969,0.862517543349802,0.00286378418027628,0.0585517536030781,0.00132529181136599,0.0284756364799431
AACAAACTTTCGTT-1,0.0962079614278866,0.0475321842137548,0.70194028365617,0.00889726445420788,0.052836159806999,0.00411744425723004,0.0884687021837516
AACAATACGACGAG-1,0.0364206390448466,0.0179938597291245,0.887166038880227,0.00336816268281533,0.0200017406095752,0.00155870629176623,0.0334908527616458
AACACGTGCAGAGG-1,0.00960095104285497,0.00474341392066857,0.970255509924833,0.000887891202668043,0.00527271726790327,0.000410895118305726,0.00882862152276703
AACACGTGGAAAGT-1,0.0742230341152023,0.0366703843556512,0.770051291392585,0.00686410928828072,0.0407623239955407,0.00317654797354082,0.0682523088791998
AACACGTGGAACCT-1,0.000328557310151861,0.000162325931204373,0.000304402100310328,3.0384817493997e-05,0.000180439395544911,1.40613772739801e-05,0.99897982906802
AACACGTGGCTACA-1,0.0544347761958189,0.0268938640745672,0.831356846797201,0.00503410110883871,0.029894870238058,0.00232966332509238,0.0500558782604228
AACACGTGTACGAC-1,0.0603463346233982,0.0298145092879845,0.0559097316182351,0.0290191074173877,0.766835761674299,0.00258266230347972,0.0554918930752154
AACATTGATGGGAG-1,0.549168927055329,0.121037742157332,0.0445900328268819,0.00445088916434217,0.234435851027652,0.00205976658374325,0.0442567911847201
AACCAGTGATACCG-1,0.0147786848614408,0.0073015078168554,0.0136921704187596,0.00136672545543019,0.948638580342691,0.000632488323046803,0.0135898427817758
AACCCAGATCGCTC-1,0.0542341078853865,0.0267947222191654,0.744958024413965,0.00501554332995853,0.116805174627286,0.00232107522358014,0.0498713523006563
AACCGATGCTCCCA-1,0.0181920468719155,0.630479398690238,0.32214813296158,0.00168239143743231,0.00999083531404675,0.000778571099032553,0.0167286236257541
AACCGATGGTCATG-1,0.999999876603582,5.28002945556434e-09,9.90138815895571e-09,6.96541179398772e-08,2.11739421296647e-08,7.55955197859511e-09,9.82739081805185e-09
AACCGATGTTCTAC-1,0.248474463251227,0.122760466111829,0.230206864872882,0.0229787953739895,0.136458939151921,0.0106340448201041,0.228486426418047
AACCGCCTAGCGTT-1,0.103543584571758,0.0511563987590545,0.560083144000282,0.00957565946633349,0.175995598055153,0.00443138947382565,0.0952142256735927
AACCGCCTCTACGA-1,0.189574818068383,0.246493617177567,0.0234702457905109,0.0228687564264075,0.0139123776647874,0.00108417116845271,0.502596013703891
AACCTACTGTGAGG-1,0.00316753262899896,0.00156494063309046,0.00293465875833734,0.000292931851314682,0.00429806380773335,0.000135561955483754,0.987606310365042
AACCTACTGTGTTG-1,0.101353020912314,0.0500741366099178,0.666767560621431,0.00937307731817001,0.0556617588790221,0.0235705680641109,0.0931998775950335
AACCTTACGAGACG-1,0.162045274532983,0.0800595488206134,0.497971186768457,0.0149858667711888,0.0889931543578105,0.00693510588012651,0.149009862868819
AACCTTACGCGAGA-1,0.124495833127201,0.0615079961011183,0.115343020239676,0.0115133128638196,0.567330735884205,0.00532808979256109,0.114481011991418
AACCTTACTAACGC-1,0.183169206614784,0.0904959657262919,0.169702780891989,0.0169393969822155,0.363418974273404,0.00783915361980522,0.16843452189151
AACCTTTGGACGGA-1,0.00212541659174179,0.00105007621728649,0.993415294780957,0.000196557468295524,0.00116725112291116,9.09621629705967e-05,0.00195444165583923
AACCTTTGTACGCA-1,0.0449137696129441,0.0221899470380954,0.0416117524579151,0.0171443156492126,0.164247439616478,0.00192218959638733,0.707970586028967
AACGCAACAAGTAG-1,0.0456550133082216,0.0225561634061887,0.63062949398091,0.00422215292989619,0.253000877500587,0.00195391284871742,0.0419823860254798
AACGCATGACCCAA-1,0.00461978268431897,0.00228243444464518,0.985687555382442,0.000427235214148788,0.00253712448690549,0.000197714385923006,0.00424815340161607
AACGCATGCCTTCG-1,0.0241792607249399,0.0119459248561899,0.925090777428227,0.00223608602031938,0.0132789351686325,0.00103480789961569,0.0222342079020757
AACGCATGTACTTC-1,0.159748284130309,0.00791949774868573,0.806620513454945,0.00148240328247132,0.00880321093798512,0.000686021294733109,0.0147400691508718
AACGCCCTCGGGAA-1,0.0464733656846861,0.0229604759970832,0.856021913387325,0.00429783378282629,0.0255225673156619,0.00198893616297676,0.042734907669441
AACGCCCTCGTACA-1,1.39206910519909e-15,0.999999999999989,3.70326976935591e-15,1.28737858712896e-16,2.7826062985686e-15,5.95768463221817e-17,1.28008685824712e-15
AACGCCCTGGCATT-1,0.0867368866144846,0.042852936766529,0.731282406869731,0.00802138419611301,0.047634768767878,0.00371210752011277,0.0797595092651524
AACGTCGAGTATCG-1,2.71363878659494e-07,0.999994721359018,2.51413471085483e-07,2.50955969886972e-08,4.46961983735023e-06,1.1613650710927e-08,2.49534548029077e-07
AACGTGTGAAAGCA-1,0.0727254083674382,0.300141091432056,0.510480432935168,0.00672560972145787,0.0399398472092054,0.00311245363705159,0.0668751566976232
AACGTGTGGCGGAA-1,0.773248822745998,0.0254284318423886,0.118765953335446,0.00475979563770186,0.0282659148505424,0.00220272121934024,0.0473283603685827
AACGTGTGTCCAAG-1,0.0605465470405665,0.0299134252268229,0.812422107278512,0.00559931465045383,0.0332513751897377,0.00259123082839151,0.0556759997855153
AACGTGTGTGCTTT-1,0.000554611185640283,0.000274009352831341,0.998281771587157,5.12901672470886e-05,0.000304585241347527,2.37358803494654e-05,0.000509996585427246
AACTACCTTAGAGA-1,0.0892003775661659,0.0440700415291745,0.723650320477771,0.00824920675454331,0.0489876856586088,0.00381753842767936,0.0820248295860574
AACTCACTCAAGCT-1,0.0325263548281135,0.0160698623084674,0.030135048611136,0.00300802113593341,0.0178630505692143,0.00139204127453282,0.899005621272603
AACTCACTTGGAGG-1,5.3013477531904e-05,2.61916621207815e-05,4.91159785473424e-05,4.90266014044597e-06,2.91143114681349e-05,2.26883554294973e-06,0.999835393074648
AACTCGGAAAGTGA-1,0.183263928397437,0.0905427655496124,0.432234154120225,0.0169481572142015,0.100646163025668,0.00784320764254694,0.16852162405031
AACTCGGAAGGTCT-1,0.248474465607347,0.122760464150584,0.230206860528476,0.0229787949182183,0.136458941727777,0.010634044619273,0.228486428448324
AACTCTTGCAGGAG-1,0.0222729121270426,0.011004080833595,0.930996792851774,0.00205978789282359,0.0122319932565321,0.000953221281377462,0.0204812117568558
AACTGTCTCCCTTG-1,0.000744895218553983,2.86282179829642e-05,5.36851357775379e-05,5.3587444025767e-06,3.18227561677325e-05,2.47990059001799e-06,0.999133130026525
AACTTGCTACGCTA-1,0.933724907990427,0.0108259277453194,0.0203013475156451,0.00202644048221319,0.01203396073349,0.000937788886132083,0.0201496266467733
AACTTGCTGGGACA-1,0.0182273175301382,0.00900532756376885,0.943530358560118,0.00168565324841548,0.0100102055040523,0.000780080588295337,0.0167610570052134
AAGAAGACGTAGGG-1,0.965405507688621,0.00265799051237046,0.0138450166076567,0.000497533301750331,0.0124165526187623,0.00023024668375741,0.00494715258708033
AAGACAGAAGTCTG-1,0.9940503252727,0.000971869614420703,0.00182250087066274,0.00018191844348275,0.00108031767284534,8.41875673592359e-05,0.00180888055852898
AAGACAGAGGATCT-1,0.0880238346595055,0.0434887618558627,0.727295342301058,0.00814040047608068,0.0483415439460891,0.00376718544948454,0.0809429313119202
AAGACAGATTACCT-1,0.0529858607626086,0.026178017815489,0.0490903920184256,0.00490010614317833,0.0290991447211605,0.00226765361340101,0.835478824925736
AAGAGATGGGTAGG-1,0.999998133202306,2.52183639707031e-07,4.72907986840623e-07,4.72047428096667e-08,2.8032406764204e-07,3.44803508764762e-07,4.69373748471189e-07
AAGATGGAGAACTC-1,0.000135880998843605,6.71329134008294e-05,0.000125891160237276,4.79135953639615e-05,0.00273815304943335,5.81534456477491e-06,0.996879212938155
AAGATGGAGATAAG-1,1.70303597947358e-06,8.41396278995173e-07,1.57783043225658e-06,1.56348113253091e-06,9.35285183075179e-07,7.28854004606905e-08,0.999993306085593
AAGATTACAACCTG-1,0.002507139422285,0.00123866895777509,0.0703171273530283,0.000231859013110069,0.00137688831783391,0.000107298885652046,0.924221018050317
AAGATTACAGATCC-1,2.47646680389554e-28,1.22351493359948e-28,4.91185278446629e-28,1.60081747508628e-27,8.39559359836749e-27,1.05986178128856e-29,1
AAGATTACCCGTTC-1,0.00057989637989726,0.000286501673782651,0.000537262965528771,5.36285299393467e-05,0.00111279509602534,2.48180194746037e-05,0.997405097335353
AAGATTACCGCCTT-1,0.00303124547029055,0.00149760701696171,0.00280839122198226,0.988080903598508,0.00166472054591697,0.000129729224813189,0.00278740292152788
AAGATTACCTCAAG-1,7.84801406882846e-15,0.999999999999833,1.766062189219e-14,7.2578045295465e-16,1.33205071411827e-13,3.35874084863876e-16,7.21669609593375e-15
AAGCAAGAGCGAGA-1,0.0181486535878152,0.00896646331192857,0.943774065364032,0.00167837848770127,0.0099670042120089,0.000776713999899633,0.016688721036616
AAGCAAGAGCTTAG-1,0.0756189484047591,0.0373600458048763,0.664030568528581,0.0069932028979562,0.143225013279108,0.00323628945077266,0.0695359316339474
AAGCAAGAGGTGTT-1,2.56219243713221e-24,1,2.37382257981721e-24,2.36950289714461e-25,5.44204944037761e-24,1.09655008432341e-25,2.35608193358291e-24
AAGCACTGAGCAAA-1,0.988539419064563,0.00102682918074354,0.00430503121135335,0.000192205995554711,0.00362556428190337,0.000399776912971765,0.00191117335290944
AAGCACTGGTTCTT-1,0.982178550839121,0.00100963043789796,0.0119572399685239,0.000188986665775617,0.00269897109644105,8.74585739918059e-05,0.00187916241824698
AAGCCAACGTGTTG-1,0.0146248281459002,0.00722549381514922,0.954691149583362,0.00135249684851329,0.00803176518506453,0.000625903659386453,0.0134483627626259
AAGCCATGACACGT-1,0.248474464600593,0.122760464988611,0.230206862384812,0.0229787951129663,0.136458940627131,0.0106340447050868,0.228486427580801
AAGCCATGCGTGAT-1,0.0223889792699004,0.0110614243600491,0.930637208059878,0.002070521677379,0.0122957359098945,0.000958188624551661,0.0205879420983472
AAGCCTGACATGCA-1,0.0081262491181495,0.00401482752766935,0.974824250790521,0.000751511483614753,0.0044628302055073,0.000347781799430502,0.00747254907510971
AAGCCTGACCGAAT-1,2.95869803731318e-07,1.46176449390305e-07,2.74117744709216e-07,2.73618928181785e-08,1.62487843229582e-07,3.64807116651724e-07,0.999998729179148
AAGCGACTCCTCAC-1,0.185376120633935,0.0915863086362086,0.171747449599564,0.0171434917977189,0.355749120273108,0.00793360388181586,0.170463905177649
AAGCGACTGTGTCA-1,0.0566649567958615,0.0279956996722204,0.77363857550409,0.0560493461446798,0.0311196563803944,0.00242510911065178,0.0521066563921003
AAGCGACTTACAGC-1,0.98108620511316,0.00308953741385609,0.00579366259823058,0.000578311977483014,0.00343428970029197,0.000267629150745746,0.00575036404623263
AAGCGACTTTGACG-1,1.67166295217381e-05,8.25896233947555e-06,1.54876393658803e-05,1.54594562602208e-06,0.999941903502638,7.15427193126626e-07,1.5371893317743e-05
AAGCGTACGTCTTT-1,0.111115027095955,0.0548971191366759,0.450036489282229,0.0102758624410413,0.266743476715743,0.00475542690886843,0.102176598419487
AAGGCTTGCGAACT-1,0.000800123491382256,0.945091807169388,0.0528246546215214,7.39950245004505e-05,0.000439417400766252,3.42431530538067e-05,0.00073575913938881
AAGGTCACGGTTAC-1,0.464758487145612,0.0131865392109288,0.0247280899470051,0.00246830918379051,0.469173013112767,0.00114227530510984,0.0245432860947872
AAGGTCACTGTTTC-1,0.862056125344633,0.0225329059966507,0.0422548871390502,0.0042177995227351,0.0250472858511741,0.00195189819361393,0.0419390979521445
AAGGTCACTTCCCG-1,0.00120593788351124,0.000595801647613927,0.996263911027326,0.000111524536753462,0.00066228538325312,5.16109266695092e-05,0.00110892859487143
AAGGTCTGACAGTC-1,0.0521192771859053,0.02574987609872,0.838530442329437,0.00481996485399883,0.0286232284381734,0.00223056611497125,0.0479266449787937
AAGTAACTCTGAAC-1,0.00140753161534699,0.00069540038219438,0.00130405127023889,0.000130167826704745,0.000772998032583173,6.02386017596454e-05,0.995629612271172
AAGTAGGATACAGC-1,3.1581738905763e-26,1,7.67471358802868e-26,2.92066353949597e-27,2.37951791025065e-25,1.35161423793441e-27,2.90412083643927e-26
AAGTATACCGAACT-1,0.0921034902336768,0.0455043434891002,0.614622526136653,0.00851768512970927,0.150615764032876,0.00394178389157683,0.0846944070864068
AAGTCCGACTTGTT-1,0.0704221362991904,0.0347925259255641,0.781826766797144,0.0065126042454741,0.0386749202153842,0.00301387972416998,0.0647571667930725
AAGTCCGATAGAAG-1,3.00085992312613e-05,0.998895323726661,0.00102653325694834,2.77518039315946e-06,1.64803318935089e-05,1.28428806680221e-06,2.75946168065883e-05
AAGTCTCTAGTCGT-1,0.115204431003942,0.0569175168333274,0.626157745294037,0.0106540485799879,0.0632687734511703,0.0218604465024194,0.105937038335115
AAGTCTCTCGGAGA-1,0.0227763855105914,0.011252824937695,0.929436993572591,0.00210634880185051,0.0125084943963777,0.000974768573397915,0.0209441842074962
AAGTGGCTTGGAGG-1,0.999999516886393,6.86212882262498e-08,1.28682238681003e-07,1.28448073474062e-08,7.6278533894181e-08,6.8966197914417e-08,1.27720540947035e-07
AAGTTCCTCATTCT-1,0.176392400515767,0.0871478415715813,0.163424203316174,0.0789838648258254,0.32429970253812,0.0075491245828274,0.162202862649706
AAGTTCCTTCTTAC-1,0.000138166745660355,0.990297729077986,0.00858424996866581,1.27775922230865e-05,7.58793773211906e-05,5.91316847516135e-06,0.00088528406966913
AATAAGCTCGAATC-1,0.0356256825547702,0.0176011057478358,0.889628876068663,0.0032946454086323,0.0195651610325672,0.00152468423166624,0.0327598449558653
AATAAGCTCGTTGA-1,0.0441033293091919,0.0217895440122909,0.86336446939195,0.00407865405588135,0.0242209740832522,0.00188750495111083,0.0405555241963227
AATACCCTGGACGA-1,0.968432411329394,0.00222070346217165,0.022137075537401,0.000415680161438011,0.00246850514728642,0.000192366979954779,0.00413325738235389
AATACCCTGGCATT-1,0.0152591091043547,0.0075388645588511,0.952726098035051,0.00141115483867162,0.00838010402470302,0.000653049194471311,0.014031620243897
AATACTGAAAGGGC-1,0.148335063913373,0.073285927982683,0.13742961604808,0.013717953317563,0.484480550278519,0.00634834542172921,0.136402543038052
AATACTGAATTGGC-1,3.4589549910115e-12,0.999999999973376,3.20465596883936e-12,3.19882440315363e-13,1.63129128552364e-11,1.48034052868961e-13,3.18070619586331e-12
AATAGGGAACCCTC-1,0.944278335403893,0.0065886323929782,0.012355349043107,0.00123328658172217,0.0227106486452136,0.00057073595770133,0.0122630119753844
AATAGGGAGAATGA-1,0.0398426011069073,0.019684502460781,0.876564535758976,0.00368462394298803,0.0218810377929706,0.0017051571044962,0.0366375418328805
AATCAAACTATCGG-1,0.248474464480416,0.122760465088646,0.230206862606404,0.0229787951362133,0.136458940495747,0.0106340447153303,0.228486427477243
AATCCGGAATGCTG-1,0.999991519128875,1.38533639715316e-06,2.59785546595818e-06,2.59312810419378e-07,1.5399219917194e-06,1.20003855992893e-07,2.57844060379269e-06
AATCCTACCGGTAT-1,0.0178141212749318,0.00880118540257172,0.944810472372932,0.00164744110745682,0.00978328341793853,0.000762396909572188,0.0163810995145978
AATCCTTGACGGGA-1,0.248474463054015,0.122760466275989,0.230206865236516,0.0229787954121384,0.136458938936317,0.010634044836914,0.22848642624811
AATCCTTGGTGAGG-1,0.179902424974653,0.0888819922058927,0.166676173464557,0.0166372870084159,0.374772247990296,0.00769934423994608,0.165430530116239
AATCGGTGGAACTC-1,0.0335832283842725,0.0165920176557237,0.847860294478576,0.00310576026130087,0.0665397346092977,0.00143727263801853,0.030881691972809
AATCGGTGTGCTTT-1,0.0928828588163801,0.0458893956462387,0.712241708595768,0.00858976073102679,0.0510100565287108,0.00397513878112017,0.0854110809007555
AATCTAGAAAAGTG-1,0.00582364793078012,0.0028772120518005,0.981957887638011,0.000538568065767514,0.00319827162141311,0.000249236605360841,0.00535517608686861
AATCTAGAATCGGT-1,0.0361277729124272,0.0178491671649532,0.878822650501516,0.0125917889829247,0.0198409023839662,0.00154617239237588,0.0332215456618361
AATCTCACAGCCTA-1,1.96915009915402e-06,6.32010723618469e-06,4.68813989726459e-06,5.02642712799939e-06,0.000599978631688359,8.42743753896653e-08,0.999381933269575
AATCTCACTCTAGG-1,0.0326986347334439,0.0161549786219851,0.898697096605966,0.00302395355601944,0.0179576643358641,0.0013994144220795,0.0300682577246422
AATCTCTGAACAGA-1,0.0794777548581957,0.039266514285921,0.753771759387454,0.00735006328183731,0.043648148153109,0.00340143602606665,0.0730843240074169
AATCTCTGCTTTAC-1,0.0540745595257529,0.482900880211656,0.131729551611203,0.00500078843819132,0.274255334700873,0.0023142470065653,0.0497246385057593
AATGATACACCAAC-1,0.0769415413097323,0.0380134816811085,0.571151375892742,0.00711551564134496,0.232733061400643,0.00329289290504299,0.0707521311693844
AATGATACGGTCAT-1,0.0100223500754346,0.109746080932604,0.0225750068103033,0.000926861957401612,0.0629340255702433,0.00042892986522694,0.793366744788787
AATGCGTGACACCA-1,0.998019395794673,0.000222247757228259,0.000958789498491282,4.16012246032037e-05,0.000247047724848357,9.72620550306246e-05,0.000413655945125531
AATGCGTGGACGGA-1,0.0120594583419009,0.00595805571624572,0.0111728585541502,0.0951588735877271,0.864045282076577,0.000516112665440122,0.011089359057959
AATGCGTGGCTATG-1,0.995873383064445,0.000674076122153214,0.00126406290032192,0.000126176266493382,0.000749294255219065,5.83914017720823e-05,0.00125461598959552
AATGGAGAATCGTG-1,6.67507378021039e-06,3.29786472330114e-06,6.18432890167324e-06,6.17307517849345e-07,3.66586358832523e-06,2.85675367495679e-07,0.999979273886121
AATGGAGATCCTTA-1,0.0250263682941782,0.0123644439583735,0.922466372598865,0.00231442609968552,0.0137441556309338,0.00107106184177615,0.0230131715761874
AATGGCTGACACCA-1,0.990876333489717,0.00137330499851908,0.00257529355406654,0.000257060724787143,0.00152654806046343,0.000835411845128511,0.00255604732731793
AATGGCTGCGTGAT-1,0.0267184118663014,0.0132004092876239,0.917224290619293,0.00247090543340839,0.0146734039588688,0.00114347678901119,0.0245691020454939
AATGGCTGTAAAGG-1,0.816242321338935,0.011754157753729,0.133842081826692,0.00220019029058124,0.0130657691337325,0.00101819620160581,0.0218772834547258
AATGGCTGTACTCT-1,0.000661982393904198,0.0131635897575699,0.985112594323463,6.12198034796575e-05,0.000363552110479779,2.83310819260869e-05,0.000608730529178679
AATGGCTGTGAAGA-1,0.00855675102063709,0.0042275198261887,0.973490522584103,0.000791324078230633,0.00469925625929138,0.000366206129840138,0.00786842010171011
AATGTAACGGTGGA-1,0.0993482273538256,0.0490836531384527,0.692211496940479,0.00918767460554416,0.0545607531213809,0.00425183923073734,0.0913563556095802
AATGTCCTCTTCTA-1,0.00687142188202022,0.00339487177502457,0.978711802759345,0.000635465684972596,0.00377369542415372,0.000294078539319968,0.00631866393516336
AATGTTGACAGTCA-1,0.104386216622098,0.0515727054700942,0.676603415802563,0.00965358538654503,0.0573275511624585,0.00446745175686677,0.0959890737993753
AATGTTGAGTTGAC-1,0.00369136164066863,0.0141883990770867,0.00341997637430432,0.000341375298879495,0.00202724773495054,0.000157980441062023,0.976173659433048
AATGTTGATCTACT-1,0.046170544495502,0.0228108650047298,0.856960077044172,0.00426982899384058,0.025356261929592,0.00197597620731949,0.0424564463248435
AATTACGAATTCCT-1,6.21006590798568e-06,3.06812445017988e-06,1.2076523488992e-05,0.999928939437009,3.41048733409806e-06,2.65774266779576e-07,4.60295875419861e-05
AATTACGACTTCTA-1,0.0266259301018808,0.0131547181385183,0.58092129656552,0.00246235278361789,0.014622614144041,0.00113951882403001,0.36107356944239
AATTACGAGTGAGG-1,0.037504199914462,0.0185291999670372,0.841400374966142,0.00346836980440085,0.0630055268522484,0.00160507978622263,0.0344872487094864
AATTACGATTGGCA-1,0.999741489142437,4.22273252401072e-05,7.9186895067107e-05,7.90427973818758e-06,4.69393465070415e-05,3.65791433617985e-06,7.85950966744772e-05
AATTCCTGCTCAGA-1,0.999999999999879,2.69005518941885e-15,5.04453258503268e-15,5.03535296789006e-16,1.05830770306696e-13,2.33024265524486e-16,5.0068325485698e-15
AATTGATGTCGCAA-1,0.0261001714773049,0.01289496369261,0.0241813122315764,0.002413730909927,0.909292209131445,0.00111701776669438,0.0240005947904422
AATTGTGACTTGGA-1,0.841793987211716,0.0258426929999131,0.0484615732888388,0.00483733869579713,0.0287264023521036,0.00223860631908914,0.0480993991325409
ACAAAGGAGGGTGA-1,0.165288004948026,0.0816616403154435,0.48792495778457,0.0152857526381165,0.0907740201198928,0.00707388599367968,0.151991738200272
ACAAATTGATTCTC-1,0.0598126818717505,0.029550853864363,0.11836747741469,0.0603333024756334,0.246828764544033,0.00255982331827726,0.482547096511253
ACAAATTGTTGCGA-1,7.932529053332e-17,1,8.96217840629579e-16,7.33596345802022e-18,4.35644167287223e-17,3.394910959957e-18,7.2944124373955e-17
ACAACCGAGGGATG-1,2.6206305062476e-25,1,2.63784182255975e-24,2.42354603920755e-26,4.77913948565008e-25,1.12155997793435e-26,2.40981906586847e-25
ACAACCGAGTTACG-1,0.0310364838333868,0.0153337818365653,0.903846568894975,0.00287023865374541,0.0170448327275233,0.00132827878897342,0.0285398152648316
ACAAGAGAAGTCGT-1,0.185529570697792,0.0916621218131392,0.366562162712172,0.0545694660318325,0.101890424035602,0.0291812434483838,0.170605011261078
ACAAGAGAGTTGAC-1,0.999999977490454,3.67689757712129e-09,6.8951111871367e-09,6.88256404120951e-10,4.08719160110999e-09,3.1850883962087e-10,6.8435809853767e-09
ACAATCCTAACCGT-1,0.0235564236229538,0.0116382081235096,0.927020374930617,0.00217848637333609,0.012936881105977,0.00100815214048952,0.0216614737031174
ACAATCCTTAGCGT-1,0.999999965169512,5.68950320763338e-09,1.06692548222374e-08,1.06498398048185e-09,6.32437790632303e-09,4.92849481439172e-10,1.05895188108716e-08
ACAATTGACTGACA-1,0.0196127277077641,0.00968979877370701,0.912819440011804,0.00181377531094687,0.0371898651335708,0.000839372458389143,0.0180350206038191
ACAATTGATGACTG-1,3.2988018648628e-29,1,1.26031123547917e-28,3.05071556753331e-30,1.01764545167476e-28,1.41179925119166e-30,3.03343627089236e-29
ACACAGACCATACG-1,0.0375859291736619,0.0185695786063456,0.883555880250458,0.00347592803272508,0.0206417029705878,0.00160857755691646,0.0345624034093042
ACACCAGAGGGCAA-1,0.0912688710317486,0.0450919942552711,0.71724196774095,0.00844049994836243,0.0501236754408292,0.00390606440929494,0.0839269271735437
ACACCCTGGTGTTG-1,0.000432503739952779,0.996023002180487,0.00103654470942339,3.99977313955481e-05,0.00205172979971424,1.8510007229597e-05,0.000397711831796115
ACACGAACAGTTCG-1,0.00244061856098445,0.0012058038641722,0.992438774652557,0.000225707192832889,0.00134035593467406,0.000104451968303738,0.00224428782647735
ACACGATGACGCAT-1,0.00958613844075782,0.46494093562478,0.510096560540068,0.000886521322669249,0.00526458241378695,0.000410261170402364,0.00881500048753368
ACACGATGATGTGC-1,0.187264346089251,0.0925191972872003,0.419840551458244,0.0173181135800206,0.102843140858686,0.00801441473189609,0.172200235994702
ACACGATGTCGTAG-1,0.0334374252026405,0.01651998260941,0.896408266854269,0.0030922764526897,0.0183633985924259,0.00143103264928508,0.0307476176392804
ACACGATGTGGTCA-1,0.0141568613422962,0.480707321532618,0.482427917156672,0.00130921952369164,0.00777476388542451,0.000605875933432193,0.0130180406258652
ACAGACACGGCATT-1,0.0814467010144042,0.0402392853216334,0.74767181162212,0.00753215045914025,0.0447294677174739,0.00348570167921281,0.0748948821860144
ACAGACACGTTGTG-1,0.0445536746399592,0.022012039851083,0.363243025443092,0.00412030170965544,0.0244682979869677,0.00190677850440885,0.539695881864833
ACAGCAACACCTAG-1,0.187467903287971,0.0926197679352704,0.173685446709008,0.262861405873206,0.102954931059815,0.00802312661666473,0.172387418518064
ACAGCAACCTCAAG-1,0.00158717720264184,0.000784155489647737,0.00685728881094594,0.000626051009699135,0.98861790066084,6.79269547665675e-05,0.00145949987145914
ACAGGTACCCCACT-1,0.0111584462588959,0.00551290476502025,0.96543026914868,0.00103192757704884,0.00612807337952391,0.000477551757184723,0.0102608271136448
ACAGGTACGCTGTA-1,0.00415354056314701,0.00205208439678216,0.987132009607787,0.000384117369753419,0.00228107039341308,0.000177760464010458,0.00381941720510895
ACAGGTACTGGTGT-1,7.90344839386001e-20,1,7.32239450854277e-20,7.3090698252783e-21,1.59082292486212e-19,3.38246522042983e-21,7.26767111441502e-20
ACAGTCGACCCAAA-1,0.00820180040565606,0.00405215413819771,0.974590187055948,0.000758498427766437,0.00450432199154072,0.0003510151925035,0.00754202278838904
ACAGTCGACCGATA-1,1.68535246838102e-07,0.999980430583914,1.91305467993388e-05,1.55860560734246e-08,9.25573628604353e-08,7.21285934280319e-09,1.54977762160772e-07
ACAGTGACTCACCC-1,0.0410514594494374,0.0202817474332384,0.872819398550105,0.0037964186599011,0.0225449268686453,0.00175689306271359,0.0377491559759597
ACAGTGACTCTATC-1,0.0479093708778518,0.291161814638433,0.108853655677188,0.00443063484440594,0.0263112026425802,0.0020503933635762,0.519282927955964
ACAGTGTGTTGCGA-1,0.000210311021131564,0.000103905560785789,0.000194849156999182,1.94494586702539e-05,0.000115500074657651,9.00075099762718e-06,0.999346983976758
ACATCACTCTACTT-1,0.000540726252085879,0.00026714940828022,0.000500972581681393,5.00060953559945e-05,0.000968086454976342,2.31416421493109e-05,0.99764991756547
ACATGGTGAAGCCT-1,0.0254699160084834,0.151013825921601,0.782661983173124,0.00235544520657225,0.013987746194644,0.00109004451699386,0.0234210389785807
ACATGGTGCAACCA-1,0.825346064486006,0.0285294342079518,0.0534998913045122,0.00534025366593948,0.0317129490992748,0.00247134351233174,0.0531000637239845
ACATGGTGCGAGTT-1,0.149039703608551,0.0736340577296338,0.538263454870998,0.0137831175746578,0.0818506650146227,0.00637850191088205,0.137050499290655
ACATTCTGGCATAC-1,0.0370137881439804,0.0182869086608826,0.885328417342159,0.00342301674516476,0.0203274905082323,0.00158409145983662,0.0340362871397439
ACATTCTGGGAACG-1,0.0227786524709783,0.0112539451223394,0.437125832985563,0.00210655848753771,0.0125097393085933,0.000974865610417257,0.513250406014571
ACCAACGACATGCA-1,0.0463249812675444,0.0228871656093463,0.85648161987859,0.00428411124886497,0.0254410765577036,0.00198258569798792,0.0425984597399624
ACCACAGAAAGTAG-1,0.0817185134304242,0.0403735761885266,0.746829715578977,0.00755728756475539,0.0448787435032091,0.00349733453871654,0.0751448291953919
ACCACAGAGTTGGT-1,0.0140858549066175,0.00695921051148818,0.956360930410497,0.00130265287456717,0.00773576809303323,0.000602837043149225,0.012952746160647
ACCACCTGTGTGCA-1,0.0894466630114818,0.0441917208130687,0.722887308790337,0.00827198317888645,0.0491229422877204,0.00382807881893455,0.0822513030995715
ACCACGCTACAGCT-1,0.0290198605107242,0.0143374556692391,0.910094224129684,0.00268374233519963,0.0159373294471476,0.00124197268890452,0.0266854152191008
ACCACGCTACCCAA-1,0.0954740316136222,0.0471695811092974,0.704214055248094,0.0088293909486474,0.0524330951868875,0.00408603399943152,0.0877938118940198
ACCACGCTGCGAGA-1,4.45584889893627e-05,0.999444937734261,0.000439031033855403,4.12074692921074e-06,2.44709419822651e-05,1.90698454166009e-06,4.09740694422281e-05
ACCACGCTGCTGTA-1,0.0955916820007723,0.0472277075274531,0.703849564800445,0.00884027129727499,0.052497707058768,0.00409106916681045,0.0879019981484754
ACCAGCCTGACAGG-1,0.0525422974100243,0.0259588725734284,0.837219892422801,0.00485908566510414,0.0288555454263319,0.00224867030250637,0.0483156361998041
ACCAGTGAACGGTT-1,0.999929739587979,1.14769231705876e-05,2.15221282506445e-05,2.14829640723975e-06,1.27575990137809e-05,9.9418093620005e-07,2.13612842417959e-05
ACCAGTGAATACCG-1,0.0160980769304956,0.00795336224777243,0.0149145620328016,0.00715410723767134,0.139875950814614,0.00068895478514982,0.813314985951495
ACCAGTGAGGGATG-1,0.531545371611544,0.00636678147224245,0.441417242423586,0.00119175963493932,0.00707723172217213,0.000551518266045248,0.0118500948694725
ACCAGTGATGACTG-1,5.67308708865395e-05,2.80282649967846e-05,5.25600725674708e-05,5.91371869582778e-05,3.11558555289145e-05,0.450305405954558,0.549466981794503
ACCATTACCTTCTA-1,0.0794973732929888,0.0392762080755172,0.753710978849511,0.00735187783739058,0.0436589218616769,0.00340227575582195,0.073102364327093
ACCATTACGAGATA-1,0.00268003822868189,0.00132409074932912,0.96031153426256,0.000247848605452827,0.0014718420975462,0.000114698492121037,0.0338499475643088
ACCATTTGTCATTC-1,0.00163583596491552,0.000808195664076947,0.0988294136120271,0.000151281298868626,0.000898379810046544,0.870270482188826,0.0274064114612421
ACCCAAGAACTGTG-1,0.0523241169151719,0.0258510780897315,0.756111609357244,0.00483890823513301,0.110519947974317,0.00223933266664028,0.0481150067617623
ACCCAAGAATTCCT-1,0.08068490619518,0.0398629160600596,0.0747530309985849,0.0259778822528626,0.701073797080377,0.00345309894435861,0.0741943684685779
ACCCAAGAGGACAG-1,0.00773922368157196,0.00382361509042593,0.976023285515659,0.000715719576061895,0.0042502808510316,0.000331218148138895,0.00711665713710947
ACCCAAGATTCACT-1,0.955666594339848,0.00724178920833609,0.0135801829452819,0.00135554708640647,0.00804987888000015,0.000627315237468998,0.0134786923026585
ACCCACTGTCGTAG-1,0.00322173306278108,0.00159171866172119,0.00683930245269714,0.00545387298771528,0.00176933385947853,0.000137881584075144,0.98098615739153
ACCCAGCTCAGAAA-1,0.0351565440772111,0.0173693251220801,0.891082303065201,0.00325125979389984,0.019307516139419,0.00150460639070679,0.0323284454114819
ACCCAGCTGTTAGC-1,3.5951902241532e-08,1.77622768280132e-08,1.86299853932029e-07,3.32481405840106e-09,1.97443166081443e-08,1.53864557139512e-09,0.999999735378192
ACCCAGCTTGCTTT-1,0.0148269839111202,0.0715738546954563,0.774329211954447,0.00137119210442992,0.00814278651598731,0.000634555383259164,0.1291214154353
ACCCGTTGATGACC-1,0.999999999999932,5.42760005566197e-14,4.3456484150848e-15,4.33774056966819e-16,2.57595518848975e-15,2.00740408171917e-16,4.31317142366507e-15
ACCCGTTGCTGCAA-1,0.0275460300732725,0.0136092996705953,0.914660265220837,0.00254744317426937,0.015127921063822,0.00117889665097757,0.0253301441462256
ACCCGTTGCTTCTA-1,4.93991129619073e-12,2.44059606003427e-12,6.97134066908266e-11,1.77036973074186e-11,3.18561287990244e-10,0.999999999582101,4.54252989771255e-12
ACCCTCGACCTATT-1,0.0411368380518229,0.360416395620632,0.532462422705158,0.00380431442444789,0.0225918156971951,0.00176054703651402,0.0378276664642309
ACCCTCGACGGTAT-1,1,3.55985138847793e-17,6.67562001863724e-17,6.66347227885874e-18,3.95708469592413e-17,3.08369789573123e-18,6.6257303286834e-17
ACCCTCGATAAGGA-1,0.248474464434737,0.12276046512667,0.23020686269063,0.0229787951450496,0.136458940445807,0.010634044719224,0.228486427437882
ACCCTCGATCAAGC-1,0.166753877407216,0.0823858642340853,0.15449429349695,0.344310593761789,0.0915790582442449,0.00713662141391807,0.153339691441798
ACCGTGCTACCAGT-1,6.92919458147753e-08,0.999992725843714,6.31953402496112e-06,7.8059267984894e-07,3.80542342384643e-08,2.96551060283694e-09,6.37178922559426e-08
ACCGTGCTGGAACG-1,0.814535814983527,0.0056053865893946,0.0265057279721094,0.136203674394696,0.00623087514115835,0.000485562933445544,0.0104329579856688
ACCTATTGCTGAGT-1,0.990180147079068,0.00125273857191948,0.00234920107498293,0.00023449261955013,0.00139252793134685,0.00225924825946492,0.00233164446366657
ACCTATTGTGCCCT-1,0.221164335760349,0.0147778740622589,0.0277122445110448,0.00276618160828906,0.704794101530153,0.00128012364165213,0.0275051388862541
ACCTCCGAGTCCTC-1,0.00331438754969944,0.00163749530086946,0.984593727353424,0.000306512924829771,0.00695826171657405,0.000141846956113,0.00304776819849203
ACCTCCGATATGCG-1,0.00576917993521774,0.00285030177562155,0.982126633707245,0.00053353089257941,0.00316835850747197,0.000246905520349414,0.00530508966151421
ACCTCCGATGCTGA-1,0.0682182638618497,0.0337036878564012,0.788654534509518,0.00630879117242298,0.037464582253271,0.00291955983905852,0.062730580507478
ACCTCGTGAACCAC-1,0.0231019888266291,0.0114136913067324,0.928428249391477,0.00213646040920496,0.0126873115467322,0.000988703515852476,0.0212435950033712
ACCTGAGATATCGG-1,8.71967222226617e-06,1.75805448002467e-07,8.9867643621909e-07,3.29079672432179e-08,1.95423059568571e-07,0.999978091829769,1.1885685098061e-05
ACCTGGCTAAGTAG-1,1.85186352739361e-39,1,7.40925409580532e-39,1.71259419916372e-40,8.4467512515917e-39,7.92548224773575e-41,1.70289402752674e-39
ACCTTTGACTCCCA-1,0.011500380258956,0.00568183952770459,0.0241698261678666,0.00106354946174646,0.0207359936592827,0.000492185620035974,0.936356225304407
ACCTTTGAGGAACG-1,0.00394904829568311,0.000268285377891452,0.00228653227683398,0.00527228094589987,0.00029822254032353,2.32400448079883e-05,0.987902390518561
ACCTTTGAGGAAGC-1,0.00350590433748852,0.00173211540740737,0.0032481536580606,0.982628626179499,0.00551127826192255,0.000150043360354517,0.00322387879526858
ACGAACACCTTGTT-1,2.41977093834791e-07,0.999987819720754,1.08880666673821e-05,2.23779215419616e-08,7.94989863235498e-07,1.03559745798945e-08,2.22511724970004e-07
ACGACCCTATCTCT-1,0.107786542061741,0.053252660008016,0.225691404157024,0.0319948709258932,0.465003008518227,0.0171556474991372,0.0991158668299625
ACGACCCTGATGAA-1,0.016510356288916,0.86155419931353,0.095452489593053,0.00152686955646116,0.0090672726873251,0.000706599238159669,0.0151822133225542
ACGACCCTTGACAC-1,0.999971919462055,2.47840774308908e-06,1.07533466414727e-05,4.63918279351933e-07,9.55726843980825e-06,2.1469044390006e-07,4.6129063964916e-06
ACGACCCTTGACCA-1,0.043589851636449,0.0215358565236655,0.86495526339468,0.00403116780453315,0.0239389790046653,0.00186552943473275,0.0400833522012743
ACGAGGGACGAACT-1,0.0125713778689317,0.00621097302925153,0.961052897590544,0.001162594787985,0.00690403702762415,0.000538021462263645,0.0115600982333991
ACGAGGGATGTAGC-1,0.0346378553162263,0.0171130634144646,0.860385532850123,0.0355069999381992,0.0190226590538706,0.00148240788780159,0.031851481539316
ACGAGTACCCTAAG-1,0.999999339339926,1.07917742133521e-07,2.02373010512173e-07,2.02004749140672e-08,1.1995995896485e-07,9.34830360233506e-09,2.0086058543912e-07
ACGAGTACGAATCC-1,0.999975559831231,1.4452837380732e-06,1.79172001958309e-05,2.70533993235471e-07,1.60655869772145e-06,5.10575256695396e-07,2.69001688865205e-06
ACGATCGAGGACTT-1,8.32616487822642e-08,0.999999706044602,7.71403330319092e-08,7.69999594888283e-09,4.5726213358949e-08,3.56337661496783e-09,7.65638300735303e-08
ACGATCGAGTCACA-1,0.000172357108108468,8.51541776619336e-05,0.000159685580018888,1.59394997504584e-05,9.46562796026056e-05,7.37642474722848e-06,0.99946483093011
ACGATGACAATGCC-1,0.030085534303048,0.0148639587578011,0.906792684318003,0.00278229528608436,0.0165225836794462,0.00128758067189446,0.0276653629837218
