MemBcell,NaiBcell,Granulocyte,Plasma,CD4Tcell,CD8Tcell,RegTcell,CD4Tcell_IL7Rmax,cDC,NClassMonocyte,pDC,ClassMonocyte,CytotoxCD8Tcell,Erythrocyte,HematoMultipotentPC,HematoStem,CommonLymphoidPC,NaiTcell,Mast,Prolif,CD56dimNK,CD56brightNK,EMCD8Tcell,CMCD4Tcell,Neutrophil
AAACATACAACCAC-1,0.000362296784120017,0.00306808951535956,0.000295107052047812,8.40154339836302e-05,0.00640006607150384,3.7296578341677e-08,0.00688052966111456,0.000507701883090275,0.00107651869810558,0.00492998421317572,0.000197929162973168,0.00556791562469277,0.9259540757426,2.16470521014041e-08,9.12811382014042e-05,0.000251966575321811,0.000503765738101728,0.00347481407030832,6.11733878323483e-05,3.43451250118643e-05,1.58193606615057e-09,6.76668989966724e-06,0.0194755668471505,0.020398420604712,0.000377609455131169
AAACATTGAGCTAC-1,0.045759542036778,0.792678107025603,0.00173621426460997,0.00125708400769893,0.00149360899514056,2.03072980767222e-09,0.00645462376569765,0.00274296477770601,0.057314124893219,0.0220309422712213,0.001164483975194,0.0327579243838904,0.000104282817727527,5.27937579578331e-07,0.00053703770490349,0.00148240429494454,0.00296382365133784,0.00242658549154624,0.000359903661107254,0.000186052766616733,9.30706284243292e-09,0.000204977516413335,0.00689214449204603,0.0172310242218906,0.00222160370933576
AAACATTGATCAGC-1,0.00119303222142924,0.010103124875156,0.000971778500155689,0.000276660253012497,0.0196703817776777,5.27606996001962e-08,0.0323726796979952,0.00201105487626702,0.003544943126452,0.00648049619543577,0.000651774675008288,0.0183349758392094,0.00336254972614252,3.47362443665183e-07,0.000300585996646987,0.00082971822714798,0.00165888517411191,0.0252828970090344,0.000201442095605169,0.000121348825979774,1.81728441800646e-07,0.000271670244466777,0.371155277043866,0.499960685378786,0.00124345638883085
AAACCGTGCTTCCG-1,0.0148054067402748,0.12537873672711,0.0120596703363038,0.00343332516843181,0.0171449677068134,3.14617701792517e-08,0.0448335439159791,0.00285039576011534,0.0439923782192792,0.27469438234355,0.0080884564902569,0.227535152190367,0.0235299602253678,5.11229731382949e-06,0.00373024106469468,0.0102967172068941,0.0205865928495899,0.00967646089442583,0.00249987551694864,0.000752083717572439,2.34051766010951e-07,0.000154629290539662,0.0188345145075184,0.119685966445659,0.01543116487146
AAACGCACTGGTAC-1,0.0024125086208324,0.0204301907412477,0.00196509695022647,0.000559452823209933,0.0273385096987237,5.75379626178195e-08,0.0901430158516444,0.00744562378563228,0.00716846175057655,0.0131046358811034,0.00131799627551461,0.0370763556764198,0.00171492437332403,1.44146186306467e-07,0.000607834632018212,0.001677827573267,0.0033545403564434,0.0431277555873291,0.00040734925535418,0.000122550394960298,1.05340002690792e-08,0.000194282544727512,0.140057741714144,0.597258658687343,0.00251447460780511
AAACGCTGACCAGT-1,0.00146252472147191,0.012385306621074,0.00119129224536371,0.000339154677189149,0.00254950080898016,3.87295786312403e-09,0.010251924572792,0.0274234142757404,0.00434570571974543,0.00794436696037492,0.000799003213203921,0.0224766393364802,0.24807914867412,8.73851213052119e-08,0.000368484968117509,0.00101714217542729,0.00203360852637794,0.0024570749749576,0.00918454818097344,7.42931988798461e-05,2.2327182270967e-07,1.52747680891954e-05,0.615230815279016,0.0288461224737487,0.00152433909797944
AAACGCTGGTTCTT-1,0.00275189832316378,0.0233042929402584,0.0022415451330462,0.00063815617954616,0.0471387705741411,1.38508116434913e-06,0.0485358664152953,0.175096244352964,0.00817691497180894,0.0149481850840198,0.00150341089454848,0.0422922263061104,0.190066929976842,1.64424550873439e-07,0.000693344297143124,0.00191386294608603,0.00837539349080032,0.0129070741851353,0.000464654805826062,0.000139790682560417,6.92801508907389e-08,2.87411263238691e-05,0.272317540067156,0.14359532968051,0.00286820878085477
AAACGCTGTAGCCA-1,0.0022465555659871,0.570875534428493,0.000662162982008875,0.000188514337130006,0.00316266085383111,5.61681186130484e-09,0.0117360622179715,0.0049264468005027,0.00241549914293676,0.00441576419972575,0.000444114648785616,0.0124933226365187,0.000950623933830108,4.85717859720346e-08,0.000204817168049837,0.000565364120315299,0.00113035259937246,0.00640700573230015,0.000137261216312244,8.63301822223363e-05,3.54955767902225e-09,8.4902637303805e-06,0.043522773966412,0.332573002894117,0.000847282371286214
AAACGCTGTTTCTG-1,0.0348039207277005,0.100302998656187,0.00964773755002916,0.00274666039680345,0.00829963669313999,1.12842917453796e-08,0.0358668382462666,0.00544855893700973,0.0351939058484281,0.375057191588435,0.00647076574812942,0.18202814239313,0.00560366902490795,7.07692599719263e-07,0.00298419321800442,0.00823737477455226,0.0536795974361099,0.00774116917594141,0.00199990066735749,0.000601667024884583,3.22311977026883e-07,0.000123703433985765,0.0150676125325102,0.0957487811974492,0.012344933440172
AAACTTGAAAAACG-1,0.00515521258516204,0.0094053293562792,0.000904660349675523,0.0245286698219128,0.00146068770690322,2.27000777284514e-09,0.00589595122359651,0.000358303683258126,0.894707719673854,0.0123036338419394,0.000606758364460355,0.0170686282694605,8.78735999870029e-05,6.63597492852298e-08,0.00027982532599344,0.000772411809064348,0.00154431039711518,0.00137611717610383,0.000187529028171739,5.64178204962078e-05,4.84947751791178e-09,1.15995697058056e-05,0.00579117171482408,0.016339541022873,0.001157574179929
AAACTTGATCCAGA-1,0.00352057275470749,0.0298137682547496,0.0028676651344607,0.000816409256502599,0.0306328853382922,7.75966461488205e-08,0.0605158077533114,0.0047911020493092,0.0104609330432035,0.0191235893860478,0.00192335137494951,0.0541055096260377,0.000744465026543278,2.10352466750599e-07,0.00088701281484132,0.002448453049723,0.00489527929984898,0.559068868510774,0.000594444592278754,0.000334334677066057,1.53722614188381e-08,0.000169917501658064,0.0297554224522729,0.17886053307546,0.00366937170658856
AAAGAGACGAGATA-1,0.00159920166946746,0.0135427475047088,0.00130262177010541,0.000370849612182743,0.0492890014832914,1.42702516605435e-07,0.0960298381769483,0.00348554731110741,0.00475182384179015,0.00868678983828064,0.000873672256028527,0.0245771429096563,0.00106063169340317,9.55515004724922e-08,0.000402920898427393,0.00111219689978816,0.00474975844974632,0.0466167416758104,0.000270023323642632,8.12361021925277e-05,6.98276963405975e-09,3.0207060652603e-05,0.04923195639953,0.690268053121749,0.00166679276470477
AAAGAGACGCGAGA-1,0.00210873363431044,0.197348589469125,0.000673405061506248,0.000191714903676211,0.00116379081680863,1.73982447316236e-09,0.00473099131926926,0.000764758811842146,0.0531464395778405,0.00449073430156099,0.000451654760110343,0.701515034204358,0.000159884531951478,4.93964293269056e-08,0.000208294517248731,0.000574962771200392,0.00114954351468026,0.00111622453838472,0.000139591612227919,4.19959223863733e-05,3.60982184396433e-09,8.63441061415876e-06,0.00214243040150363,0.0270108687951123,0.000861667378200441
AAAGAGACGGACTT-1,7.37627558679582e-05,0.000624655661743205,6.00830850057528e-05,1.7105340665024e-05,0.000656867634946401,2.37552535118395e-08,0.00223783250482347,0.00512447548701427,0.000219176623108306,0.000400675890585201,4.0297902814914e-05,0.00113361423321758,0.000437897943665902,4.40728774892484e-09,1.85846200732945e-05,5.12997884002601e-05,0.000102565490899556,0.000612656681097082,1.24547544972132e-05,3.7469938305517e-06,3.22078427436856e-10,7.70386317435031e-07,0.968745813499608,0.0193487538610111,7.6880376181488e-05
AAAGCAGATATCGG-1,0.0088185118054079,0.074679060869204,0.00718307504054517,0.00204498391299305,0.00617936737382156,8.40154674738971e-09,0.0267041049576367,0.00768890905021582,0.0262030833737144,0.217798665296743,0.00481770951150593,0.401678495800334,0.0957680681827775,5.26901676646989e-07,0.00222183530699989,0.00613301109414794,0.012261947230262,0.00576356899366051,0.00148899537661426,0.000774941969847662,1.1486010785648e-06,9.21014999153571e-05,0.0112183602173129,0.0712882883206533,0.00919123091138674
AAAGCCTGTATGCG-1,3.74659103652427e-08,3.17277910194877e-07,3.05176704799008e-08,8.68822148224912e-09,1.66465342462599e-06,6.83708489413405e-13,6.35574976241066e-07,4.30577150368436e-08,1.11325175136172e-07,2.03513098520621e-07,2.04682918500947e-08,5.75790434487911e-07,6.44687159464349e-08,2.23856939468959e-12,9.43958372540563e-09,2.60564190061503e-08,1.04247215363222e-07,5.11043646764354e-07,6.3260748614725e-09,3.4627968990017e-09,1.63591521918086e-13,6.76648926164433e-10,1.78899975667775e-06,0.999993797893799,3.90494260815273e-08
AAAGGCCTGTCTAG-1,0.86088778579825,0.00756293061029136,0.000727447520518232,0.000482315575581406,0.00565739153437438,1.15150562086798e-07,0.0113982265169973,0.00127951562384232,0.0105277306526888,0.00485112705829302,0.000487901191572662,0.0137250751148309,0.00098711840913332,7.45424629028539e-07,0.00022501067846129,0.000621104986054393,0.00124179728859807,0.0230726067050533,0.000150794191893276,4.53662008607997e-05,3.89951903244291e-09,1.68157337204648e-05,0.0217589330159037,0.033361322755809,0.000930818362557451
AAAGTTTGATCACG-1,1.7067256746013e-06,0.999963060805625,5.01798590067104e-07,5.07920402255603e-07,4.31681115499949e-07,5.86919155726824e-13,1.86550776385089e-06,6.92714617829547e-08,1.83050716466727e-06,3.34634271395152e-06,3.36557788117897e-07,9.46765660606852e-06,5.11323934671195e-08,3.68085419197629e-11,1.55214002198615e-07,4.28442735816901e-07,8.56600800748904e-07,6.98335613086114e-07,1.04018930147158e-07,3.12939350790531e-08,2.68991652901322e-12,3.65658566984119e-08,7.83697418446865e-07,1.3087798048581e-05,6.42085275261155e-07
AAAGTTTGGGGTGA-1,0.947240710118708,0.00396893633514301,0.00038175583739759,0.000506504764645811,0.000328412214097107,4.46513439564077e-10,0.00141923172689562,0.000112422994954032,0.0083678657856979,0.00254581398035126,0.000256044761699321,0.00720275674238879,2.29295311572971e-05,2.80030195967181e-08,0.000118082937209832,0.000325948535281569,0.000651680499860176,0.00030631395472712,7.91350047140532e-05,0.0200605886171993,2.04642133790801e-09,4.89487934144829e-06,0.00182272944848867,0.00378872838944465,0.000488482444643752
AAAGTTTGTAGAGA-1,0.000981743857838278,0.936550611232773,0.000799674563369819,0.000227663174105922,0.00167891928780544,2.68709257511561e-09,0.00666620570079894,0.00046787737797212,0.00291712668501183,0.00533278739022992,0.000536344095499516,0.015087814938317,9.72460250702661e-05,5.86587041547487e-08,0.000247351612278769,0.000682773461088123,0.00136509325617593,0.00346421809871193,0.000165766294543412,4.98705360972265e-05,4.28669611472669e-09,2.27020687520958e-05,0.00299038879444237,0.0186445181573984,0.0010232377592245
AAAGTTTGTAGCGT-1,1.5276581079581e-07,1.2936884977599e-06,0.000581809010574657,3.54258896388609e-08,1.07047094221002e-07,1.45542593625574e-13,4.62603479017878e-07,5.53930232614138e-08,4.53924127825294e-07,8.298168593141e-07,7.72810668692505e-06,1.58654614767741e-05,9.19204524935485e-07,9.12768097621714e-12,3.84895414228509e-08,1.06244051390606e-07,2.12417511685835e-07,1.74309665208889e-07,2.57943282825909e-08,1.42798002510331e-08,1.94000824624665e-11,1.59550276632974e-09,4.30295505781859e-07,2.40215532315809e-06,0.999386881942045
AAATCAACAATGCC-1,0.487973040139605,0.470671479546626,0.00077068239593237,0.000612658529137668,0.000662993156593275,9.01413948342492e-10,0.002865121588702,0.000106389884538031,0.00281136627087251,0.00513944728591944,0.000516898939266658,0.014540806570104,4.62897568609674e-05,5.65320343522689e-08,0.000238383887699301,0.0006580195315291,0.00131560185814018,0.00100660095435021,0.000159756443633313,4.80624796456071e-05,4.13128146783878e-09,1.79426708462676e-05,0.00120363389493469,0.00764862234027462,0.00098614031005693
AAATCAACACCAGT-1,0.00588870912011541,0.0498681950693294,0.00479661882426859,0.00136557229747884,0.0266443612980185,5.73887746918115e-08,0.0585889809203657,0.00724506382324881,0.0174975482816414,0.0319871970488266,0.00321710630412256,0.0904999348929007,0.00077261288847154,3.51847430370646e-07,0.0014836677863307,0.00409542100832538,0.00818812090585903,0.0245125506376328,0.000994301633646536,0.000299134114111648,2.57125151658649e-08,0.000118428511631615,0.242554613725678,0.413243827379898,0.00613759857937494
AAATCAACCAGGAG-1,0.00556206344699473,0.0471020149212178,0.00453055116878726,0.00128982423769987,0.0251530975458612,5.13007514151852e-07,0.04540734567509,0.00705701566156391,0.0165269623054388,0.0302128726617154,0.00303865397864505,0.0854799187822554,0.00301207969283042,3.32330512665425e-07,0.0014013689818525,0.0038682486887311,0.00773392718876457,0.540590864936394,0.000939147887130064,0.000517016957796523,5.69747878806523e-08,0.000228650761733856,0.036183468508318,0.128366856690644,0.00579714700772133
AAATCAACCCTATT-1,1.4540943113127e-39,2.49347545239814e-38,8.14746618403057e-41,2.31954103145044e-41,4.06349062242358e-40,8.48033297012967e-46,1.55742526725969e-39,1.57475241047136e-40,1,1.12159651120809e-38,5.46452948619403e-41,1.53721858721343e-39,1.07754182112927e-39,5.97642871587114e-45,2.52013628302148e-41,6.95642189765527e-41,2.38366048791199e-40,2.25482163848075e-40,1.68890613168747e-41,8.60802804992363e-42,2.22537490113181e-45,1.65687905836462e-42,1.17205053839289e-39,1.71746727344565e-38,1.04252346839359e-40
AAATCAACGGAAGC-1,0.00546893136949437,0.0463133313201857,0.00445469099819032,0.00126822721829169,0.05162949453078,4.12796418897665e-08,0.0447915145296793,0.00509572157995679,0.0162502322345856,0.0916196159056802,0.00298777426449199,0.0840486304187463,0.0333372761927251,3.26765921901257e-07,0.00302233455921915,0.00380347818085208,0.0144941820598753,0.124410767067032,0.000923422663109377,0.000495190699202168,1.60779554844546e-06,9.97144735591478e-05,0.0688097438734825,0.390973671260931,0.00570007875882494
AAATCAACTCGCAA-1,0.0524446556757647,0.0331065900421832,0.00318438823534867,0.000906578675589884,0.125185426141901,2.02959150863152e-07,0.141284093721133,0.00966356231788669,0.0116163048799295,0.0212357198739652,0.00213577851191677,0.0600812651424042,0.000836877451048341,2.33585126699149e-07,0.000984980131194413,0.00271887572079096,0.0054359449516145,0.292712047889303,0.00066009881930574,0.000198589711562472,1.70700721381901e-08,4.08302743408126e-05,0.0329458429074408,0.198546454942674,0.00407464036835545
AAATCATGACCACA-1,2.02238867256268e-06,1.71264823478803e-05,1.647326657511e-06,4.68985288200613e-07,2.94794819867209e-06,4.64377715988851e-12,1.18128044421215e-05,4.60688910990679e-07,6.00927006350985e-06,0.999746516291174,1.10486682562493e-06,3.10808428125968e-05,0.000118594156810453,1.20836713163889e-10,5.09543407291389e-07,1.40651080664977e-06,2.81208708405557e-06,1.47539052567224e-05,3.4147795525173e-07,1.02733117257032e-07,4.20301897803408e-09,3.88401778826641e-08,5.26121907421493e-06,3.28694364077428e-05,2.107866006404e-06
AAATGTTGAACGAA-1,0.00235924888093174,0.224949083656533,0.00192171451854457,0.000547102065359844,0.00165318885944058,2.24769661590755e-09,0.00714424735076192,0.00160277685949463,0.00701020723016823,0.0128153314956532,0.00128889953252569,0.686776101431166,0.000427701296357924,1.40963944531447e-07,0.000594415778508314,0.0016407870340997,0.00328048389955856,0.00154194877245042,0.000398356415234002,0.000261324867235208,1.03014460479406e-08,2.46402517283549e-05,0.0030012890980061,0.0383020333502355,0.00245896384291861
AAATGTTGCCACAA-1,7.71034629741901e-07,6.52946248401281e-06,6.28042421189838e-07,1.78800396902636e-07,6.17950657634284e-06,5.52480472281947e-11,0.999499102236095,4.48003167606497e-07,0.000247458669557774,4.18822459875729e-06,4.21229903468941e-07,1.18495550539561e-05,7.85199982219144e-06,4.60689336104452e-11,6.29458030146165e-07,5.36231506937662e-07,1.07210672074279e-06,9.01838083999545e-06,1.30188291017952e-07,3.91669476228399e-08,3.36665311826133e-12,8.05277010269049e-09,5.62046517484329e-06,0.000196535457513286,8.03622808011019e-07
AAATGTTGTGGCAT-1,0.005543885891426,0.0469480792927775,0.00451574464388501,0.00128560891938754,0.0317545148429282,1.68670422459746e-08,0.122642140310549,0.00713569954954006,0.0164729499978486,0.0301141327708572,0.00302872326371113,0.557402439889348,0.00130415792139014,3.31244409037527e-07,0.00139678910295443,0.00385560668638011,0.00770865154715973,0.0169155604346655,0.000936078612622214,0.000281617816015404,2.42068777294806e-08,5.79009518832363e-05,0.0175622296331918,0.11735891452613,0.00577820107702395
AAATTCGAAGGTTC-1,0.00801974577522286,0.0679147566340912,0.006532444187901,0.00185975269688095,0.106284075579857,3.54497130950077e-07,0.0981880847404144,0.00618556992659804,0.023829651978251,0.0435628901824984,0.00438132944867747,0.123250521783854,0.00125122473661999,4.79175807571013e-07,0.00202058519882714,0.00557749325589716,0.011151280679461,0.025459614202082,0.00135412467886464,0.000407386321505532,3.50174934627624e-08,0.000619424223691319,0.167016133600138,0.286774336812635,0.00835870466560024
AAATTCGAATCACG-1,0.00999137095288355,0.0846113511943304,0.00813842159913297,0.00231696609429946,0.00700122119524886,9.51894974146739e-09,0.0302557420799255,0.00540083943250458,0.0296880847691573,0.054272667155932,0.00545846328281521,0.60207297416366,0.0109469412998523,5.969794232388e-07,0.00251733865675388,0.00694869951044168,0.0138927820774995,0.0105369791813032,0.00168703126086705,0.00105967559856229,4.85043006372167e-07,0.000187521024852107,0.0218305692916866,0.0807696071034773,0.0104136615334331
AAATTCGAGCTGAT-1,0.00675373254076037,0.057193596236051,0.00550121935639797,0.00156616838642929,0.00772136242152984,1.4094421119472e-08,0.0204515667202673,0.0016998205983631,0.0958008578584614,0.32587619386373,0.00368968395163945,0.374181570035943,0.00490068134688721,4.03532147630169e-07,0.00170161154059642,0.00469701891193174,0.00939091699172473,0.0070373077057376,0.00114035982314335,0.000343075495783707,2.81447215587622e-07,0.000124953467928067,0.00859167690847459,0.0545967440918102,0.00703918267262196
AAATTCGAGGAGTG-1,0.00412151499548595,0.0349028131099104,0.00335715964501788,0.0330191240284169,0.0647786770968985,8.88387426151907e-07,0.141622103591422,0.0102374309894689,0.0122465562827699,0.0223878799572326,0.00225165678743635,0.0633410197828423,0.0235181033142791,2.46258465100213e-07,0.00103842097714152,0.00286639039022434,0.00573087628633231,0.0706435983596435,0.000695912983059034,0.000209364346241877,1.79962214965156e-08,7.42273309751571e-05,0.0717489152863555,0.426911388735687,0.00429571308104867
AAATTCGATTCTCA-1,0.000257437659870486,0.0327513468916854,0.000209694562755106,5.96989472739756e-05,0.000788326558335394,1.71444632799047e-09,0.00188648213262815,0.00225970091288036,0.000764943178920165,0.00704113453395704,0.000140642763052578,0.00395640038589267,0.00581168907422507,1.53817713659476e-08,6.48617456579171e-05,0.000179040185613437,0.000357961409039656,0.00167023754782889,4.34680459131379e-05,1.30772950604058e-05,1.67841606945227e-06,0.828040863079706,0.108144440628817,0.00528853855484765,0.000268318393755232
AAATTGACACGACT-1,0.000995936521084243,0.00843403124935939,0.000811235165976295,0.000230954407383693,0.0101930758219979,2.54714694857213e-08,0.0198115837443376,0.511187613645193,0.00295929838268807,0.00540988139417766,0.000544097796497934,0.065242946869433,0.00130892878744645,3.99603989186203e-07,0.000250927481141479,0.000692644059023572,0.00138482791017952,0.019901770946159,0.000168162716081879,0.000199637254672167,2.07201812191801e-08,8.20090344209975e-05,0.290353787813798,0.0587981728794456,0.00103803032385537
AAATTGACTCGCTC-1,0.000771156481796277,0.00653049437744154,0.000628141667653712,0.000178828653743385,0.0108236626113173,3.6049285374094e-08,0.0130798231406732,0.00381341688623777,0.00229139315073842,0.00418888647233608,0.00042129647395164,0.0118514276460315,0.0154230348882938,4.60762138854643e-08,0.000194293855624261,0.000536316246533255,0.00107227614047021,0.00347023401782454,0.000130208864251426,3.91731375188948e-05,3.3671852893139e-09,8.05404291643484e-06,0.266951754423725,0.656792291525885,0.000803749802352981
AACAAACTCATTTC-1,0.00348807749737152,0.0295385840055375,0.00284119622617917,0.000808873711177274,0.0676662171683335,7.13840164625863e-08,0.146958917410718,0.0057556845097037,0.0103643775169341,0.0705187462192169,0.00190559864329471,0.0536061094901405,0.00239279907234807,2.08410888866732e-07,0.00244989528028898,0.00242585353331297,0.0107722981441975,0.139845351573753,0.000588957795896082,0.000546540758240913,6.01873564168418e-08,6.65320483455182e-05,0.0561049833844756,0.387718563068585,0.00363550295968734
AACAAACTTTCGTT-1,0.0105489323512892,0.089333027951092,0.00859258061099213,0.00244626275531992,0.0267237167581137,5.68951780938544e-08,0.0589358228108627,0.00398949455197936,0.031344807400188,0.0573013154131624,0.00576306896027276,0.162120029152539,0.00211355857597178,6.30293444441345e-07,0.00656320127317198,0.00733646687086065,0.0301647785072281,0.0558035162901421,0.00178117487428708,0.000985819311600492,4.60609571099022e-08,0.000193297029677371,0.0774670800923496,0.34949652650034,0.0109947887089847
AACAATACGACGAG-1,0.00453367272003042,0.0383931470556264,0.00369288051464448,0.00105134380408485,0.0336092563994514,2.12472295133066e-06,0.0730144084525604,0.0028611715081204,0.013471230371683,0.0246267013012526,0.0024768258789403,0.0696752157379601,0.0102914396976834,2.70884676417692e-07,0.00114226460423461,0.00315303365162892,0.00630397228743333,0.178620706064499,0.000765505302916295,0.00043878669099913,1.97958733576403e-08,0.000106729761247759,0.074965897042341,0.452078105044624,0.00472529070453675
AACACGTGCAGAGG-1,0.00132366208651423,0.0112093563607185,0.00107818235536127,0.000306952887745662,0.0256216328172272,6.69831657927229e-08,0.0453658946183872,0.00179099231002103,0.00393309310217489,0.0071900714616882,0.000723140092588558,0.0203425450364212,0.0005210082304637,7.90881473644583e-08,0.000333498345340149,0.000920567355161403,0.00184052304483252,0.0257261110765811,0.000223498785612576,0.000153755596552692,5.77965119735842e-09,1.38244720349015e-05,0.0787443498740901,0.771257580900334,0.00137960733918295
AACACGTGGAAAGT-1,0.00112508076763952,0.00952768188595703,0.000916428971392303,0.000260902533838277,0.00561235003578266,1.01743631449493e-08,0.0205671850765771,0.00159677815269266,0.00334303404405391,0.00611138699927916,0.000614651590454683,0.0172906718067686,0.000252233040440273,6.7223014630156e-08,0.000283465538948266,0.000782460018325945,0.00156440015238556,0.0181622326140022,0.000189968570678793,0.000105441902097353,4.91256316138026e-09,2.10637084711207e-05,0.0205921190567074,0.889907748302581,0.00117263292098883
AACACGTGGAACCT-1,0.000901932205161058,0.00763796108084759,0.000734664382631461,0.000209155114250403,0.000632008053387306,8.59286240003103e-10,0.0027312196049164,0.000412155416072834,0.00267997653702388,0.0048992541793876,0.000492741572773491,0.956575471631071,0.00178572651426586,5.38899979781093e-08,0.000227242965676239,0.000627266847989689,0.00125411691234637,0.000961086837922227,0.000152290191476675,8.62430532428137e-05,3.93820567843713e-09,1.71362817195518e-05,0.00114738186950156,0.0148948572311702,0.000940052829675795
AACACGTGGCTACA-1,0.00424042420083081,0.0359097888480186,0.00345401646763522,0.000983340438642064,0.0560133740840576,1.39341017557673e-07,0.108330553477925,0.00375743595211645,0.012599879806611,0.0230337890621224,0.00231661900255359,0.0651684611175397,0.00582868965056363,2.53363227261262e-07,0.00106838028420058,0.0029490881324178,0.00589621678995217,0.152377728221245,0.000715990648532387,0.000396967467930371,4.39487818859951e-08,8.60205086239522e-05,0.177123364436762,0.33332978678552,0.0044196479631713
AACACGTGTACGAC-1,0.00333012537659194,0.0282009754972423,0.00271253702231588,0.000772245130434383,0.00233350804635539,3.1726674197548e-09,0.0100842432116114,0.00146967088571049,0.0389625627617124,0.802953325861607,0.00181930660267025,0.0511786399746503,0.0101748568129543,1.98973324753298e-07,0.000839029320564599,0.00231600250296939,0.00463046614951185,0.00217649057035257,0.000562287749912921,0.000820265823148679,7.04060079507199e-07,3.47801948752251e-05,0.00423637770618012,0.0269205217756788,0.00347087481687855
AACATTGATGGGAG-1,0.0168970829956503,0.0685684043251881,0.00659531558909819,0.00395626882065416,0.0157126529931618,7.71408583471024e-09,0.0679021502629449,0.00521289745315905,0.024059001191066,0.543186421230217,0.00442349772440158,0.124436747220177,0.00829432560023107,4.83787637098407e-07,0.00204003231170695,0.00563117381543161,0.0112586059944492,0.005291961859444,0.0013671574388721,0.00070954217950321,1.57108026128792e-06,0.000260049412959022,0.0103004118358358,0.0654550842063105,0.00843915295755531
AACCAGTGATACCG-1,0.00118799861387124,0.010060498039001,0.00096767836025683,0.000275492974633111,0.000832462445801033,1.13182658591608e-09,0.00359748225345385,0.000716817254260695,0.00352998639472853,0.938795220722217,0.000649024728736275,0.0182576170252295,0.00297708575441463,7.09823232020277e-08,0.000299317763400855,0.000826217477958775,0.00306931514967936,0.00128501372896219,0.000200592169760162,0.000106360000138182,1.26528606799858e-07,1.24075875994796e-05,0.00151129769287313,0.0096037052286978,0.00123820999157058
AACCCAGATCGCTC-1,0.00398321934968856,0.0337316643723123,0.00324451160870701,0.000923695481297379,0.0489236629218788,1.25508430580403e-07,0.0926818549833672,0.00524146602156352,0.0118356284045752,0.0551691827847518,0.00217610342194509,0.061215639347431,0.00115480396577973,2.37995369146341e-07,0.00100357721165915,0.00277020990396217,0.00553857921729172,0.0439658796337642,0.000672561924710155,0.000379370452152877,1.73923661355918e-08,8.22702588161217e-05,0.0442653797116254,0.576888785834875,0.00415157229167918
AACCGATGCTCCCA-1,0.00226861124481933,0.0192116040876955,0.00184788608232841,0.000526083495370512,0.0133387101240712,3.17848233794007e-08,0.0296619469237273,0.00249720403079699,0.00674088905187586,0.0123229920286088,0.00123938258322397,0.0348648860143865,0.000372688737714577,1.35548391061854e-07,0.000571579510525652,0.00157775127062444,0.00315445425573027,0.0260564055484164,0.000383052356778087,0.000246954649057842,1.06669316889603e-07,0.000348015997040692,0.0389622314830031,0.801441901162272,0.00236449535939532
AACCGATGGTCATG-1,2.13179876101472e-06,0.999991169294187,3.13961881081716e-08,5.61497621299196e-08,2.7009126201053e-08,3.67219526672046e-14,1.16719802746483e-07,4.33412899968544e-09,4.12124102790905e-06,5.02467607745668e-07,2.1831279032283e-07,5.92365808036925e-07,1.88575992115492e-09,2.30301146182777e-12,9.71132263523813e-09,2.68065095882133e-08,5.55645771171183e-07,2.5191731264009e-08,6.50818467964924e-09,1.95797733982775e-09,4.00155473849037e-13,4.02562411511796e-10,4.90338392995854e-08,3.11590857050452e-07,4.01735486503975e-08
AACCGATGTTCTAC-1,0.0180725486620713,0.15304634045556,0.0147209045013714,0.00419096464275416,0.0126639188877219,1.72180261652058e-08,0.0547270614321278,0.0088617530816638,0.0537002738266928,0.0981692517561073,0.00987335411348897,0.277745838370395,0.00184194062717343,1.07982574254674e-06,0.00455340162421694,0.0125689166038223,0.0251294818925481,0.0118117869788985,0.00305152858498551,0.00172633561882639,7.89121538617015e-08,0.000188751679257981,0.0684207425214263,0.146097333975212,0.0188363942077557
AACCGCCTAGCGTT-1,8.46061200607987e-05,0.000716482068795861,6.89154935261063e-05,4.33621492614002e-05,0.000254308821492716,4.41823591235271e-10,0.000957095237301708,7.62189848648619e-05,0.000251396297163522,0.000987416650284475,4.62218251220813e-05,0.00130025920266961,1.23028784783874e-05,5.05517334514041e-09,4.722118542934e-05,5.88410237510978e-05,0.000117642950982027,0.00383968675596934,1.42856438272259e-05,3.84004458011466e-05,3.6942499586479e-10,1.49364621451848e-06,0.00433143689444621,0.986664217817176,8.81820409606324e-05
AACCGCCTCTACGA-1,0.0158947123841924,0.0654384345155449,0.00629425665055631,0.0017919419996387,0.0054147457829102,7.36195764417032e-09,0.0233997965227745,0.00298334119310666,0.131343220868381,0.0419744904456426,0.00422157651446312,0.553423995678321,0.000815689140976804,4.61703990925304e-07,0.0432565259509336,0.00537412540750387,0.0107446800237734,0.00505039745315724,0.00130475026759524,0.000688854267445059,2.34034211945702e-07,0.000232380433976578,0.00983022461801394,0.0624672291517503,0.00805392762917968
AACCTACTGTGAGG-1,0.00269620666414952,0.022832671285326,0.00219618169044299,0.000625241464207916,0.00328774774759543,2.56872222475017e-09,0.01420798524542,0.0103713037190534,0.00801143429128425,0.0268136187384176,0.00147298555843684,0.860987049177322,0.000887117895177629,5.96167358819796e-07,0.00067931269414885,0.00187513101319228,0.00374901610265094,0.00861526147862134,0.00045525132057801,0.000136961663381744,5.05679528240234e-08,0.000125585873941907,0.00536716064569006,0.021795963224265,0.00281016320266529
AACCTACTGTGTTG-1,0.0020537550615557,0.0173921067781793,0.001672875925184,0.00127562503216401,0.0153848082831002,1.24711018893314e-06,0.0335559824715633,0.00202701119205715,0.00610247127379912,0.0111559027925476,0.00432093669735208,0.0315628927745178,0.00619353147926895,1.22710836273096e-07,0.000517446192796689,0.00142832514714129,0.0109975695174671,0.0585666526929993,0.000346774120954128,0.000104326464861644,4.51299220436346e-08,8.61693116281091e-05,0.027383962830384,0.765728900968878,0.00214055804065597
AACCTTACGAGACG-1,0.0112268549329488,0.0950739762568903,0.00914477877935437,0.00260347076435818,0.0204260892706474,3.28652508541908e-08,0.0808436150565692,0.00511862672599026,0.0333591678419673,0.0609837588180201,0.00613343012066553,0.172538599602657,0.0079773581521836,6.7079896691205e-07,0.00282862038352766,0.00780794154311761,0.0156106951666247,0.164210321493909,0.0018956412523339,0.00104499298724706,4.90210494235835e-08,0.000204639757784522,0.0627478969096657,0.226517407768817,0.0117013637294513
AACCTTACGCGAGA-1,6.68034789721429e-22,5.65721425811919e-21,5.44144422916323e-22,1.5491507277131e-22,4.68109866691105e-22,6.36448150080308e-28,2.02293442884105e-21,7.51171489750035e-23,1.98498019579261e-21,4.10565730183733e-20,3.64959262058726e-22,1.02666142138031e-20,0.999999999979309,1.64985915688257e-23,1.68312217891755e-22,4.64598206881923e-22,9.28887720335541e-22,4.36611606329789e-22,1.12796890680077e-22,7.13105072488868e-23,2.06921348441972e-11,6.97702828439147e-24,1.69179658524454e-21,5.40035073482871e-21,6.96269635673533e-22
AACCTTACTAACGC-1,0.0141753698612305,0.120043305900867,0.0115464775479478,0.00328722170709146,0.00993306119058252,1.35051163435863e-08,0.0429256740746805,0.00280353936039176,0.0421203041064728,0.303351945372858,0.00774425611610451,0.217852510794549,0.00494882901126685,8.46971285701938e-07,0.00357150261631038,0.00985854581384681,0.0459097230222666,0.00926468344898846,0.00239349464049627,0.000720079155538283,2.59175771228133e-07,0.000148049101829014,0.0180330202512428,0.114592787452319,0.0147744998009461
AACCTTTGGACGGA-1,0.00146458248050529,0.0124027326553681,0.00119296842362405,0.000339631866107038,0.125443506557384,5.59517635372924e-07,0.0747971806800622,0.00270842661207981,0.0043518200972525,0.00795554472773544,0.000800127400538035,0.0225082641822104,0.000843791547546826,8.75080731413259e-08,0.00036900343276795,0.00101857331166563,0.00203646986512504,0.323539616338069,0.000247293039673046,7.43977283769309e-05,6.39496642197627e-09,1.52962585848247e-05,0.175549959789755,0.240813675712946,0.00152648387194775
AACCTTTGTACGCA-1,0.00633599290250189,0.0536559921193698,0.00516095165435244,0.00146929593846041,0.00443979988421335,6.03640850312721e-09,0.0191865728611377,0.00330071637585312,0.0595849683192913,0.292189191923477,0.00346146536970704,0.408710130968611,0.00395274368527276,3.7857241491335e-07,0.00159636151672972,0.0044064935239775,0.0191233792890804,0.00414105380598218,0.00106982498365303,0.000321855194924903,2.52227124566431e-07,6.61737998551019e-05,0.00806025456723517,0.0931623573847636,0.0066037870956063
AACGCAACAAGTAG-1,0.00757397028671042,0.06413973252428,0.00616934001282682,0.00175637882701202,0.0728966216950822,6.45022325827761e-08,0.14962455944887,0.00989775802631875,0.0225050869635489,0.209949240379287,0.00413779438490994,0.116399673917312,0.00145693736812024,4.52540946357877e-07,0.0019082715042701,0.00526746976632187,0.0239895903126522,0.0288814069137738,0.00127885601709922,0.0121614929686317,3.30710545525079e-08,0.000172512221078891,0.0752704449930125,0.176668223077238,0.00789408827741247
AACGCATGACCCAA-1,0.000510671013470295,0.00432458815162115,0.000415964533437977,0.000118422929895507,0.114724398250821,2.37685785470252e-07,0.0899412706306061,0.00672373207372974,0.00151739379888794,0.00277394142728891,0.000278988638628707,0.00784818743304046,0.200733233100415,3.05123377362245e-08,0.000128664212102282,0.000355156405081434,0.000710076830552123,0.013079351516898,8.62262004895997e-05,2.59410201085205e-05,6.14260990782873e-07,5.33350397507526e-06,0.0576872320682803,0.497478089012606,0.000532254788943698
AACGCATGCCTTCG-1,0.00279814525175978,0.214974632630339,0.00227921534875826,0.000648880690650559,0.0670986974323091,5.07123445237974e-06,0.101421745949096,0.00371423751180231,0.00831433182521439,0.015199396298783,0.00152867641175469,0.043002966894469,0.0316958522596575,1.67187782170742e-07,0.00168543833742483,0.00194602630724705,0.00389075962254914,0.0862506311687003,0.000472463547174214,0.000142139929781202,1.22178478165565e-08,9.01480542794077e-05,0.0875278103811977,0.322396143136528,0.00291641037044281
AACGCATGTACTTC-1,0.00348629563743712,0.0135393258450012,0.00130229266558708,0.000370755914941796,0.141265665606548,1.42386824639892e-07,0.0718497066249282,0.0056675481665429,0.00475062326436189,0.00868459509546444,0.000873451516078934,0.0245709334488556,0.000825474143568436,9.55273592473705e-08,0.000402819100502427,0.00111191590329723,0.00222309301427166,0.119172112202048,0.000269955102513053,0.000165080124640931,6.98100521408474e-09,0.000112214812602991,0.0363862096083072,0.561303315656845,0.00166637165046824
AACGCCCTCGGGAA-1,0.00307360535463067,0.026028650464471,0.0025035900004975,0.00071275898315581,0.0470859281684188,1.34857335263977e-07,0.085768243592741,0.00506571863609698,0.00913282639489616,0.0166956828787739,0.00167916515546718,0.0472363430532694,0.00175037863559008,1.83646385396142e-07,0.000774398794651856,0.00213760056105445,0.00900653359292256,0.0396811991550114,0.000518974660997508,0.000594947032586888,1.34206195609778e-08,0.000265723714094858,0.160799427757405,0.536284458556221,0.00320351293270542
AACGCCCTCGTACA-1,3.57077618897951e-18,3.02389131446938e-17,2.90855807135e-18,8.28051267245635e-19,4.30421351866003e-18,8.01794667367917e-24,1.08129788921062e-17,2.94340367607372e-18,1.06101061419777e-17,7.70954126677668e-17,1.95077840365598e-18,5.48770549914284e-17,0.999999999233296,2.13352095954149e-22,8.99661629141365e-19,2.48336802222831e-18,4.96508603729467e-18,2.33377412907151e-18,6.02921379455143e-19,3.50824632800457e-19,7.66701083700962e-10,1.46544787089462e-16,4.54251851458271e-18,2.88659274424089e-17,3.7216969934201e-18
AACGCCCTGGCATT-1,0.00146323054830744,0.0123912838832782,0.00119186718974642,0.000339318356666714,0.0175046131700366,4.69831012810386e-08,0.0337573871643456,0.00121458298954469,0.00434780299782182,0.00794820102609179,0.000799388817731034,0.0224874869234111,0.000455498073421274,8.74272948235164e-08,0.000368662806013641,0.00101763306762417,0.00203458999159671,0.0500645403744936,0.00024706476318406,0.000151408571782724,6.38906370278212e-09,0.000103023936629808,0.0309180429685115,0.809669156805971,0.00152507477433252
AACGTCGAGTATCG-1,6.67431445517258e-21,5.6521048696628e-20,5.43652966379397e-21,1.5477515904946e-21,4.67687088411882e-21,6.35873341933832e-27,2.02110739138899e-20,6.19081672687073e-21,1.98318743421921e-20,9.03787861739734e-19,3.64629644809195e-21,1.02573417329249e-19,0.999999999912433,3.98786953010265e-25,1.68160203249934e-21,4.64178595480525e-21,9.28048774021042e-21,4.3621727818524e-21,1.12695015735275e-21,6.43871400998079e-22,8.75627059200023e-11,2.64847757883142e-20,3.67734045950661e-20,1.26417800187514e-19,6.95640785052842e-21
AACGTGTGAAAGCA-1,0.00385086463218822,0.0326108260034392,0.00313670264176063,0.000893002854239522,0.0290127136504141,2.03270886264655e-08,0.0213595409886487,0.00133606726078396,0.0114423532188604,0.0209177193769307,0.00210379569710557,0.0591815605089539,0.000503322757224019,2.3008723705609e-07,0.000970230250760018,0.00267816110107568,0.00535454273437024,0.0148404548387022,0.000650213970085861,0.000195615874334621,7.15681697540543e-08,0.000614719479252037,0.0205870697170139,0.763746577022277,0.00401362343908416
AACGTGTGGCGGAA-1,0.000226392871398885,0.993901847203024,7.80765338270439e-05,0.000159631089392473,0.000139640577183418,2.19955381538204e-10,0.000559578061251363,0.000103212604632506,0.000284814779687168,0.000520668741658328,5.23661606808301e-05,0.00147310460151019,8.26405045296687e-06,5.72716509767535e-09,2.41502697291472e-05,6.66628492728765e-05,0.000133281405566549,0.000131692107381314,1.61846559190988e-05,9.30054586502183e-06,4.18533182279256e-10,1.00109854576629e-06,0.00045321038590763,0.00155700882943543,9.9904212023915e-05
AACGTGTGTCCAAG-1,0.00298128139394469,0.0252468102897394,0.00242838794612087,0.000691349359012246,0.0184199397839313,3.37046921797044e-08,0.0669938912038691,0.00489509436819495,0.00885849751141806,0.01619418328742,0.00162872693934725,0.0458174727954299,0.000799365080866068,1.78130073545288e-07,0.000751137647764578,0.00207339198935937,0.00414540634491514,0.0180650946307649,0.000503385863108051,0.000151442863342454,1.30174958027948e-08,3.11368288439199e-05,0.0758759628891863,0.700340529312165,0.00310728681899407
AACGTGTGTGCTTT-1,0.00183273199259735,0.0155203856427841,0.00149284274812628,0.000425004527210295,0.0973530835445786,5.17098122568157e-07,0.0311623444448434,0.00122235560682029,0.00544572942192001,0.00995531584135136,0.00100125401542476,0.0281661263801502,0.000703020007551749,1.09504821174359e-07,0.000461759164271782,0.00127461025955517,0.00254837362788672,0.291603776533913,0.000309454646961547,0.000179802528362831,8.00245847780186e-09,0.000345329984682576,0.0153280265153401,0.491757844576303,0.00191019338396184
AACTACCTTAGAGA-1,0.00651612196524123,0.0551814046536194,0.00530767470433824,0.00151106727012996,0.0266919556812956,4.75006614176478e-08,0.0988690656811462,0.00745454045322463,0.019361825518344,0.0353952743590824,0.00355987308694302,0.100142254095812,0.00194181665611396,2.07748223405372e-06,0.00391824793517956,0.00453176777811789,0.00906052446455821,0.236970343152691,0.00110023953173087,0.00117122785076677,2.84520587301098e-08,0.000374915830574589,0.0830235450866492,0.291122631592754,0.00679152921672988
AACTCACTCAAGCT-1,0.00462800746484079,0.0391920154915189,0.00376972054755873,0.00107321972593061,0.00700267509476435,4.40918168048636e-09,0.0302620251588281,0.029397174113261,0.0137515340665818,0.0251391236730341,0.00252836261458946,0.611754299959982,0.00495738708246836,2.33908625964686e-06,0.0011660323953516,0.00321864073093386,0.00643514291123799,0.00302475528436392,0.000781433637968867,0.000235093105207047,2.20304756491967e-07,4.83354144992513e-05,0.125990193835919,0.080818651192824,0.00482361269814476
AACTCACTTGGAGG-1,4.90935622827178e-05,0.000415746012932065,3.99889169234071e-05,1.13846357660339e-05,8.10366610864396e-05,4.67722759109817e-11,0.000350199521472377,6.35422102878453e-05,0.000145875260214138,0.000266673969435933,2.68206844429819e-05,0.997828900274158,3.89676061147426e-06,2.9333158014973e-09,1.23691855314259e-05,3.4143103162444e-05,6.82635203331148e-05,3.20863818156626e-05,8.28939029832148e-06,2.4938503513113e-06,2.14362607937568e-10,5.12738539304528e-07,0.000110642403986778,0.000396869234732128,5.11685271834137e-05
