MemBcell,NaiBcell,Plasma,RegTcell,CD4Tcell_IL7Rmax,cDC,NClassMonocyte,pDC,ClassMonocyte,CytotoxCD8Tcell,NaiTcell,Prolif,EMCD8Tcell,CMCD4Tcell,Neutrophil,NKcell
AAACATACAACCAC-1,9.95534674105653e-05,0.000280651850242878,1.96423036241257e-05,0.00160334489501091,0.000143401883932305,0.000137972932185694,0.00159857715641134,3.12351878786048e-05,0.000992677650416937,0.987459248980036,0.00192623544076834,9.29812307898307e-06,0.00167380994723414,0.00394465792505275,7.84909129278143e-05,1.2013437870626e-06
AAACATTGAGCTAC-1,0.0685690706631716,0.907787145804458,0.000179813265607722,0.00130300885849197,0.000641914266205001,0.00638388085372354,0.00537116614389445,0.000146956955743557,0.00467040208085488,2.21888482082456e-05,0.001146614302859,4.00924379616766e-05,0.000462508941467607,0.00290029625142922,0.000369288180448754,5.65214547731868e-06
AAACATTGATCAGC-1,0.00194916705379112,0.00549490992637923,0.000384578579993108,0.0465836146914691,0.00343855008572976,0.00270138549685465,0.0116069631666169,0.000611556789113195,0.0194357326676157,0.00533303007211188,0.0808333364664578,0.000196764450073707,0.2059388958772,0.613881461316468,0.00153678125127174,7.32721088615449e-05
AAACCGTGCTTCCG-1,0.0196098334175259,0.0552822147577734,0.00386909979557193,0.0545530275265744,0.00419586419669819,0.0271776193389968,0.428466589829616,0.00615264195260375,0.195535560984895,0.0302978398023875,0.0284081905954189,0.0010507975504681,0.00827650210366295,0.121426604648261,0.0154609753149488,0.000236638184596174
AAACGCACTGGTAC-1,0.00917030536956247,0.0258520696472695,0.00180933850958522,0.102876052460069,0.0114373093532099,0.0127092903392093,0.0546076315164206,0.00287720979323524,0.0914398806692749,0.00228737606040608,0.0987728174241724,0.000491392973665715,0.0583800765020666,0.519948447017522,0.00723014133287972,0.00011066103145541
AAACGCTGACCAGT-1,0.00164092542741468,0.00462594399025244,0.000323761253373892,0.00976785684054066,0.0300949741705483,0.00227418793039184,0.00977143583703355,0.000514845096054266,0.0163621622272226,0.652021983079707,0.00552537959162395,8.79293759594618e-05,0.242805234191733,0.02286982504161,0.00129375437023438,1.98015762977095e-05
AAACGCTGGTTCTT-1,0.00373719443771763,0.0105355500755453,0.000737363646575792,0.0555498681757184,0.260357869294293,0.00517944466943372,0.0222543664590185,0.0011725555517124,0.0372646927867429,0.29845693553235,0.0344480962068133,0.000200258444715243,0.130794823218688,0.136319368401841,0.00294651516854371,4.50979302866912e-05
AAACGCTGTAGCCA-1,0.00210659712515018,0.897531376745916,4.41519689961621e-05,0.00266258767237071,0.00123956290619077,0.000310135549304382,0.00133255023422246,7.02104535783301e-05,0.00223134076753957,0.00024996777546755,0.00352969215523835,2.37131147965535e-05,0.00409088834243298,0.0843980929385715,0.000176431869725559,2.70038049783441e-06
AAACGCTGTTTCTG-1,0.0996789488412801,0.287586838974588,0.00165125157727536,0.0232821009405398,0.00433345235411585,0.0115988442962381,0.405697539159667,0.0026258199682411,0.0834505244429586,0.0054681820440882,0.0121240264478676,0.000448458603169698,0.00353223937974538,0.0518223568839498,0.00659842381694246,0.00010099226933462
AAACTTGAAAAACG-1,0.00512292730732037,0.0147002088744897,0.0252190106166426,0.00709863749069918,0.000513294985374405,0.887994908236617,0.0192506582008587,0.000484027237698096,0.0153827475153873,0.000114394596132099,0.00394934269359474,8.26660546845259e-05,0.00252239730680431,0.016329850444616,0.00121631215558111,1.86162835003943e-05
AAACTTGATCCAGA-1,0.00190735514071374,0.00537703768745572,0.000376328919572831,0.0279214446024736,0.00271132180903374,0.00264343761946996,0.0113579802252661,0.000598438181102209,0.0190188134578963,0.000396308918588753,0.852489123507629,0.000178486197775136,0.00506383961282742,0.0684332519559708,0.00150381549487646,2.3016669349743e-05
AAAGAGACGAGATA-1,0.0056227277897379,0.0158510700422454,0.00110938703581473,0.112193300631872,0.00541675584164423,0.00779263912432607,0.0334824013656567,0.00176414709921774,0.0560659141525141,0.00154742441115633,0.109469850737235,0.00030129519464434,0.0206591299436739,0.624222979687576,0.00443312567316535,6.78512695200878e-05
AAAGAGACGCGAGA-1,0.00133166861676776,0.18497382208345,0.000262743627950354,0.00638579277890392,0.00127695366014566,0.0612577963754709,0.0079298633509411,0.000417814879334147,0.69995211622001,0.000234156589922578,0.00356156671580358,7.1357776963077e-05,0.00104525216845623,0.0302330983749426,0.00104992710625891,1.60696746784982e-05
AAAGAGACGGACTT-1,0.000660154775685541,0.00186104682807805,0.000130251218911421,0.00397993313716413,0.0117711662687765,0.000914920328655436,0.00393111099505909,0.000207125470931983,0.00658260227210082,0.000981069268810799,0.00225487290504565,3.5374549468854e-05,0.939294367392782,0.0268675526501023,0.000520485637809923,7.9663006168872e-06
AAAGCAGATATCGG-1,0.010932311316001,0.0308193527156491,0.00215698943928088,0.030412837596877,0.0105806010450423,0.0151512859598388,0.364317018829332,0.00343004426340489,0.286677297951553,0.147683052745004,0.0158373186152748,0.000942254692542094,0.00461407775303364,0.0676942742003144,0.00861935915111275,0.000131923725742195
AAAGCCTGTATGCG-1,7.70640926561556e-09,2.17251908915746e-08,1.52050585293883e-09,1.1173175490282e-07,9.08191670178491e-09,1.06804506424246e-08,4.58903749729318e-08,2.4179082044585e-09,7.68429298851724e-08,1.42880427480582e-08,2.39600991244379e-07,7.00353572545395e-10,1.20139078695408e-07,0.999999331505133,6.07596201610834e-09,9.29957263781253e-11
AAAGGCCTGTCTAG-1,0.882811053476694,0.117186159560047,8.70696652275527e-09,2.54025013211677e-07,3.35786907532862e-08,1.35125886766959e-07,1.46141111635831e-07,7.69999781880152e-09,2.44711689930457e-07,2.4105071628517e-08,1.11913962532829e-06,1.31506740251631e-09,1.76985836739558e-07,6.15782825051999e-07,1.93493264465945e-08,2.9615139675521e-10
AAAGTTTGATCACG-1,3.41994915209592e-07,0.999998156397944,1.89957765966802e-08,1.00109842544654e-07,4.63882173258556e-09,4.98734407030774e-08,2.14289734368566e-07,1.12906660006162e-08,3.58825812017241e-07,2.74437264406833e-09,8.7647586876917e-08,1.92831052395557e-09,1.51881453577773e-08,6.07268059313303e-07,2.8372317559597e-08,4.34252916315175e-10
AAAGTTTGGGGTGA-1,0.989386088209959,0.00137924579659835,4.90755701932632e-05,0.000198237791562048,1.98106010258087e-05,0.000619094702475138,0.000424337134039459,2.23578085556476e-05,0.000710547881011548,3.37577799098252e-06,0.000103231244441391,0.00649195089827784,9.43570586059186e-05,0.000441246673488595,5.61829429328328e-05,8.59908845577218e-07
AAAGTTTGTAGAGA-1,0.00160954197103996,0.920043799752152,0.000317569169092963,0.0098600961742247,0.00083471580911932,0.00223069304931327,0.00958455254734561,0.000504998450642371,0.0160492281824114,0.000156078479017126,0.0129055332668205,8.62476864327475e-05,0.00162278708824634,0.0229057248045628,0.00126901070743494,1.94228621436208e-05
AAAGTTTGTAGCGT-1,2.41377005021232e-06,6.80467540323097e-06,4.76246638456793e-07,6.71492005059498e-06,9.5272757758556e-07,3.34528711230108e-06,1.43735961034982e-05,0.000125955730105397,0.00015094037522887,2.43793207226595e-05,6.06104402538498e-06,2.22038799385092e-07,2.24358280704419e-06,2.88228350260927e-05,0.999626264722601,2.91277413966774e-08
AAATCAACAATGCC-1,0.00272910890158297,0.989597375298725,0.000104529194064691,0.000694561879161006,3.21841348190978e-05,0.000346021827026108,0.00148674173825073,7.833461688674e-05,0.00248953275106515,1.18276469034989e-05,0.000565180797291027,1.33786143822276e-05,0.000105375320018197,0.00154598735251855,0.000196847081483493,3.01284582109102e-06
AAATCAACACCAGT-1,0.0092800474042213,0.0261614442608419,0.00183099105767202,0.0813811191434433,0.0118818756792544,0.0128613838085867,0.0552611268384265,0.00291164168060613,0.092534151389903,0.00121311713719901,0.0777101440203986,0.000497273527018338,0.12704834682157,0.491998686711327,0.00731666519536336,0.000111985324169554
AAATCAACCAGGAG-1,0.00336859996844948,0.00949644296191485,0.000664638459687695,0.0237084551081461,0.00456067920214718,0.00466860300452437,0.0200594481347768,0.00105690797505665,0.0335893260881755,0.00179972346680073,0.83158302831991,0.000308014558364898,0.00662077000378612,0.0558188084405073,0.00265590432568795,4.064998206177e-05
AAATCAACCCTATT-1,4.03170489171109e-33,1.41483484315466e-32,4.6852281966564e-35,2.82309858238017e-33,1.93901156739412e-34,1,3.73731436491633e-32,7.45044913622762e-35,2.36780847586203e-33,2.71335408133776e-33,9.86429771557518e-34,2.00364533929101e-35,7.44696287556503e-34,2.559493477848e-32,1.87222356246508e-34,2.86553447404281e-36
AAATCAACGGAAGC-1,0.00639245894500191,0.0180210239857057,0.00126125812435847,0.0451516867870831,0.00600109609943376,0.00885942324521081,0.120691862228604,0.00200565244898157,0.0637411363330291,0.0430444663860916,0.30837383813097,0.000568402977153608,0.0238373692118522,0.346933180573723,0.00504000465991906,7.71398628795992e-05
AAATCAACTCGCAA-1,0.0538464118403182,0.00914696502401981,0.000640179152860619,0.100975888255711,0.00401090244782636,0.00449679409557876,0.0193212420393845,0.00101801278177613,0.0323532081001884,0.000696127985093911,0.642554050874879,0.000173864390806572,0.00882259254327859,0.119346441828349,0.00255816461483062,3.91540250957513e-05
AAATCATGACCACA-1,5.82549594756462e-08,1.6422695011618e-07,1.14939401854825e-08,2.9878419390768e-07,1.45219680123795e-08,8.07365912280619e-08,0.999946656618558,1.82776618684793e-08,5.8087776828414e-07,5.04576382368569e-05,8.69965731376989e-07,3.12160573547341e-09,4.86615012907978e-08,6.90187412947903e-07,4.59299413667638e-08,7.02981380421701e-10
AAATGTTGAACGAA-1,0.00429992998985629,0.157385132887671,0.000848393659496443,0.0119620699054365,0.00311100628396889,0.00595934991148997,0.0256053625202613,0.00134911544495249,0.723543302958102,0.000775514726544332,0.00622918232189243,0.000478000079458593,0.0018148230848814,0.0531967349483153,0.0033901926363712,5.18886413000971e-05
AAATGTTGCCACAA-1,1.78274343823338e-07,5.02574413570955e-07,3.51742522706462e-08,0.999917635873083,1.05790738129082e-07,3.34373421466829e-05,1.06159382877703e-06,5.5934090893424e-08,1.77762723158838e-06,2.03516226575351e-06,4.63124642818973e-06,9.55287276758262e-09,3.91968806527107e-07,3.79991774105844e-05,1.40556789866005e-07,2.1512940025877e-09
AAATGTTGTGGCAT-1,0.0109977648343287,0.0310038736564883,0.0021699036785765,0.0942392079453452,0.00228770181720358,0.0152419992528446,0.065489845643188,0.00345058052674236,0.664476090437031,0.00106250511695135,0.0274462570937968,0.000589317823562622,0.0046417030626201,0.0680995709769268,0.00867096455900968,0.000132713575384752
AAATTCGAAGGTTC-1,0.0142468218603568,0.040163311566041,0.00281095583883219,0.141946768423762,0.0106502113176647,0.019744925416613,0.084837436308902,0.00446998150840218,0.142059357555956,0.00207084627589782,0.0859448637296021,0.00076341930623868,0.0955690001831132,0.343317561901389,0.0112326178144299,0.000171920992801235
AAATTCGAATCACG-1,0.0163254394684413,0.0460231568963249,0.00322107553349094,0.0454160995886419,0.0101801976951595,0.0226257188417551,0.0972152553692238,0.00512215381488426,0.573900762724363,0.0160754573764893,0.0365986545148285,0.00172742898622193,0.011410917526328,0.10108921568009,0.0128714616413011,0.000197004342458406
AAATTCGAGCTGAT-1,0.00670042231886777,0.0188892057919605,0.00132202054711473,0.0186400523965695,0.00194254263266063,0.0435259917910278,0.617969493030867,0.00210227685939685,0.215626601370302,0.0084161915888642,0.0148246431888698,0.000359043709018878,0.00282797192403906,0.0414898745907281,0.00528281210315894,8.08561565552077e-05
AAATTCGAGGAGTG-1,0.00479805194073015,0.0135262205084309,0.0832776925916208,0.156926289988307,0.0137356581915654,0.00664970605103166,0.0285715951858688,0.00150540265017735,0.0478428231104157,0.030411426431782,0.185202525388503,0.000257104743390309,0.0296811782132951,0.393773498589304,0.00378292677596986,5.78996396086547e-05
AAATTCGATTCTCA-1,0.00267264883071338,0.138786696315501,0.000527324471233199,0.0179400816519169,0.0222934916461303,0.00370407188604415,0.103816058056511,0.000838551302712925,0.0266497871858311,0.103905937370348,0.0382780384149137,0.000143214518340747,0.490735133872533,0.0417870374110006,0.002107195742681,0.00581473132358386
AAATTGACACGACT-1,0.001172723901415,0.00330603383824196,0.000231383190835771,0.020482221928198,0.692386190534348,0.00162529904166571,0.00698337429480367,0.000367945509987852,0.0495958744678569,0.00195230997199445,0.0500688138928538,0.000236095412097826,0.12016910940855,0.0504452507123787,0.000924610384507664,5.27635102618625e-05
AAATTGACTCGCTC-1,0.00103139051547698,0.0029076000312467,0.000203497538416105,0.0148333602843779,0.00545004052864818,0.00142942258993714,0.00614175757841353,0.000323601758312398,0.0102843057453938,0.0180060337441231,0.00918467079949197,5.52673041992053e-05,0.128153849789066,0.801169576746428,0.000813178924436492,1.24461220315832e-05
AACAAACTCATTTC-1,0.00399553013969182,0.0112638260045693,0.000788334330093767,0.141843539027195,0.00298316205818696,0.00553747674450154,0.0989382140375908,0.0012536091250296,0.0398406359649237,0.00318221119149646,0.355214421018141,0.000664575225756557,0.0194296790844606,0.311866375985167,0.00315019471268316,4.82153505128795e-05
AACAAACTTTCGTT-1,0.0151093311699916,0.0425948172817255,0.0029811324311871,0.0736306333157246,0.00598220660729245,0.0209402924890781,0.0899735347769888,0.00474059628911764,0.150659698198497,0.0028243269955576,0.180547668264241,0.00138951344191467,0.032912709144408,0.363618564615334,0.0119126458083941,0.000182329170546229
AACAATACGACGAG-1,0.00492229127345638,0.0138764648671429,0.000971188063669664,0.0663579631729063,0.00323844742441507,0.00682189164377955,0.0293114191823713,0.0015443831279806,0.0490816501418544,0.0126231066299687,0.440747642446458,0.000470260621702385,0.0246627837949647,0.341430228052832,0.00388088068000266,5.93988764967225e-05
AACACGTGCAGAGG-1,0.00148766848524842,0.00419389636044285,0.000293523035403062,0.0474744886627635,0.00233694301464008,0.0020617864002871,0.00885881638557791,0.000466760291121832,0.0148339909380967,0.000638124682359451,0.0657517958720508,0.000174631793288794,0.0289760881071448,0.821260611763614,0.00117292203250457,1.79521754584949e-05
AACACGTGGAAAGT-1,0.00128132557669965,0.0036121935559951,0.000252810742592859,0.0202704493170304,0.00192481093390766,0.00177581204778127,0.00763007906607063,0.000402019599470795,0.0127764838009591,0.000286771286006116,0.0416255514896015,0.000118199341462136,0.00735598471091881,0.899661811189908,0.00101023517277098,1.54621688227366e-05
AACACGTGGAACCT-1,0.00141723342051984,0.00399533238894266,0.000279625911016904,0.00394263287143929,0.000730606187444,0.00196416918233552,0.00843938738599864,0.000444661085742435,0.953333357353661,0.00247321391024466,0.00321391999096864,0.000133617428976031,0.000598155791639903,0.0178995959432776,0.00111738893498022,1.71022128121946e-05
AACACGTGGCTACA-1,0.0112080921970007,0.0315968086309797,0.0022114021255342,0.102628410262682,0.00473278111826777,0.015533495651368,0.0667423101385859,0.00351657132316767,0.111759266927453,0.00616186347119641,0.334259232617292,0.00103267842502311,0.056087115494866,0.243557926991725,0.00883679296197381,0.000135251662884284
AACACGTGTACGAC-1,0.000863660002138599,0.00243474979852094,0.000170403626773515,0.00240263478517233,0.000426404333351614,0.00457448164994033,0.961430447397523,0.000270975824500457,0.00861181423301068,0.0109549735841845,0.0012511589225155,0.000204529742867913,0.000364515277229172,0.00534789355400763,0.000680935204440737,1.04220638256483e-05
AACATTGATGGGAG-1,0.00531539177755164,0.0149846573009405,0.00173314664108862,0.041497832348182,0.00140626249507979,0.00736669669673301,0.814059537276967,0.00166771955685706,0.0530013735253543,0.0112964200974196,0.00770025226558482,0.000456818659054768,0.00224340772800165,0.0329135879774969,0.00419081277296041,0.000166082880727572
AACCAGTGATACCG-1,0.000359856232391449,0.00101447314864512,7.10010965604601e-05,0.00100109197894672,0.000289114034826556,0.000498731196718311,0.986826616977476,0.000112905933491117,0.00358823498974067,0.00269219606099828,0.000845937721584131,3.16203415573303e-05,0.000151880476987839,0.00222827596250572,0.000283721346354647,4.34250121365698e-06
AACCCAGATCGCTC-1,0.0115156897451204,0.0324639584564233,0.00227209237750488,0.0885936147909978,0.006398449146154,0.0159598005065574,0.188979272008771,0.00361308090872045,0.114826415829817,0.00133328683279992,0.0864165656549495,0.00108102443737005,0.0149443424491069,0.422384131209928,0.00907931210506366,0.000138963540718349
AACCGATGCTCCCA-1,0.00271199715220758,0.00764540936651602,0.000535088058243184,0.0286597162657656,0.00298901733121597,0.00375860537768625,0.0161494885796594,0.000850896933524161,0.0270421417120609,0.000414351092049011,0.0584176042097704,0.00029556565814156,0.0139629644590684,0.834164831015145,0.00213821918088096,0.00026410360806392
AACCGATGGTCATG-1,1.43185172739048e-08,0.999999946363141,3.49321581010933e-10,1.04844746540841e-09,4.8582244611521e-11,2.34695686761443e-08,5.740835807772e-09,1.52515324223478e-09,3.75797228493263e-09,1.78539409508685e-11,5.45973275356904e-10,2.01951399502435e-11,1.59065003640701e-10,2.33368195190149e-09,2.97142456049724e-10,4.54791814209673e-12
AACCGATGTTCTAC-1,0.0286588315221717,0.0807923069272165,0.00565450388112834,0.0797266346829629,0.016003929714865,0.0397187878895552,0.170658536587366,0.00899179128515144,0.285765849045763,0.00272009449949986,0.0415172088069051,0.00269895323034367,0.0366921002798869,0.177459162011622,0.0225954742721353,0.000345835363424185
AACCGCCTAGCGTT-1,7.62228603002365e-05,0.000214880384449397,2.58525341559104e-05,0.000694905713476592,6.79312143665063e-05,0.000105638627322425,0.0010137406439704,2.39151429184722e-05,0.000760041118620568,1.02055590198848e-05,0.00719028894709035,3.1075401345631e-05,0.00126062920121396,0.988463656478215,6.0096367691765e-05,9.19805840447726e-07
AACCGCCTCTACGA-1,0.0396435376176673,0.113749511735158,0.00238148401800033,0.0335781370488651,0.0051180906252846,0.110918937944466,0.0718755501899938,0.00378703555188266,0.509124149159462,0.00119051556478069,0.0174856311451095,0.00105585671552871,0.00509430061989227,0.074739741443176,0.00951644246957794,0.000741078151153089
AACCTACTGTGAGG-1,0.00449949418910302,0.0126845547562868,0.000887768481069762,0.0211139412777897,0.0116490296071995,0.00623592959710111,0.0492403402367982,0.00141172932160611,0.826119639263553,0.00120048618767359,0.0304056373731771,0.000241106458214129,0.00284706613000544,0.0278614453808712,0.00354753489178966,5.42968477637172e-05
AACCTACTGTGTTG-1,0.00622201377145546,0.0175405215773546,0.00250550866149435,0.0349221720344436,0.00270364982172453,0.0086232003641816,0.0370510485694937,0.00817088905683522,0.0620415746619333,0.00934598909508938,0.133166796569467,0.000333408077277895,0.0096991613134586,0.662693362896711,0.00490562048166705,7.50830474176505e-05
AACCTTACGAGACG-1,0.0119398791332097,0.0336597944744366,0.00235578665707155,0.0784782445334354,0.00593284958953533,0.0165476923308458,0.071099978343439,0.00374617161226375,0.119056134466902,0.00734422998762744,0.434896006924673,0.00109333132283544,0.0216061374204608,0.182685925364597,0.00941375546619912,0.000144082372470549
AACCTTACGCGAGA-1,2.76107750595126e-25,7.78377226503079e-25,5.44771809751066e-26,7.68110231805463e-25,3.55921689389369e-26,3.82662674490075e-25,3.69442721812099e-23,8.66296045911566e-26,2.75315364407255e-24,1,3.99989196726969e-25,2.94300528230961e-26,2.2687490084051e-25,1.70969461449397e-24,2.17691556381139e-25,3.33188125803183e-27
AACCTTACTAACGC-1,0.0182054366378722,0.0513230684003592,0.00359200662783183,0.0506461049654716,0.0040063481428085,0.0252312403466624,0.490175212019156,0.00571200827613782,0.181531900937095,0.00723988854336827,0.0263736814251294,0.000975542607576242,0.00768376383135076,0.112730398853701,0.014353707513328,0.000219690872154032
AACCTTTGGACGGA-1,0.0037040505857625,0.0104421138608847,0.000730824231810708,0.0562184570577358,0.00271984762372226,0.00513350998235381,0.0220570005295045,0.00116215656172202,0.0369342057549634,0.000790789574667869,0.673018450788173,0.000198482422733025,0.0458994991946273,0.138025530258627,0.00292038360027631,4.46979724352354e-05
AACCTTTGTACGCA-1,0.00664495852256913,0.0187328473088332,0.00131107731619924,0.0184857564255641,0.00356406701796547,0.0279274850765422,0.571736751121764,0.00208487492491493,0.250978326119603,0.00694214110589051,0.00962635635896644,0.000356071667763217,0.00280456292344459,0.0734854544328005,0.00523908282036863,8.01868568103522e-05
AACGCAACAAGTAG-1,0.0097662802183163,0.0275321862906249,0.00192692676958055,0.166327682506451,0.00558112427964154,0.0135352625360684,0.377449863587652,0.00306419861859449,0.097382525770315,0.00173266953287757,0.0750875645132605,0.0152616238462301,0.0337835496725887,0.163750663374586,0.00770002563124185,0.000117852851970866
AACGCATGACCCAA-1,0.00242236918723436,0.00682891742504328,0.000477943281495775,0.100593314601814,0.00485589348728673,0.00335720483563792,0.0144248023903445,0.00076002533701346,0.0241541735132817,0.309856752482397,0.0304375714146391,0.000129803224296646,0.0236097146410248,0.476152414822639,0.00190986784563416,2.92315102181366e-05
AACGCATGCCTTCG-1,0.0079966863688562,0.24348109788862,0.00157777871141683,0.100372259402248,0.00487841844875948,0.0110827507728354,0.0476189270061379,0.00250898344668833,0.0797373715161435,0.0444973499274867,0.174506020531992,0.000428504323366691,0.0299252356131782,0.244987292233595,0.00630482521595907,9.64985927140541e-05
AACGCATGTACTTC-1,0.0185021667842613,0.0531436225645479,0.00091827057889947,0.0773674282803395,0.00806580155426503,0.00645018463825958,0.0277143171370391,0.00146023373106052,0.0464073203514324,0.00109268396108584,0.263992316674243,0.000477792202134263,0.0141097799892677,0.47657249744108,0.00366942172483778,5.61623872449365e-05
AACGCCCTCGGGAA-1,0.0113129710169096,0.0318924729848065,0.00223209514563673,0.0990729438823123,0.00745190725277577,0.0156788490414467,0.0673668461606888,0.003549477339959,0.112805045734696,0.00234706456875064,0.0922826211462266,0.00219005028041842,0.0719126101016787,0.470849045489687,0.00891948258503663,0.000136517268968277
AACGCCCTCGTACA-1,3.25432436381773e-20,9.17428771847418e-20,6.42091419970845e-21,9.05327660216597e-20,2.97815507086045e-20,4.51022637710828e-20,8.87784416638486e-19,1.02105366618678e-20,3.24498497980994e-19,1,4.7144441778436e-20,3.16094623583025e-21,1.37351608961005e-20,2.01511939297965e-19,2.56580606417934e-20,2.41866356801804e-20
AACGCCCTGGCATT-1,0.00535134383967443,0.0150860095333047,0.00105584188203476,0.0300214602543495,0.00146466822597174,0.00741652321598611,0.0318663556092574,0.00167899958847365,0.0533598633042125,0.000477614532886568,0.133573753527348,0.000550705771020411,0.00952363732399413,0.704289488464485,0.0042191585354629,6.45763915396212e-05
AACGTCGAGTATCG-1,2.39278209319135e-23,6.74550822300831e-23,4.7210562793444e-24,6.65653320436638e-23,2.5419924745432e-23,3.31619954764522e-23,6.94106681806199e-21,7.50742299057683e-24,2.38591517260023e-22,1,3.46635322788813e-23,2.27786003806158e-24,4.25041075506678e-23,3.52806334805489e-22,1.88654050611048e-23,4.15177033237125e-24
AACGTGTGAAAGCA-1,0.0047384938472702,0.0133583201427758,0.000934924086626877,0.0229026748587355,0.00170701210465343,0.00656716347113946,0.0282169364716596,0.00148671614374589,0.0472489508904211,0.000554348931793153,0.0363412208594206,0.000253913310327211,0.00800289303756991,0.823760781066729,0.00373596935644812,0.000189681420685553
AACGTGTGGCGGAA-1,0.000151139357682825,0.998631331405653,3.04771339335755e-05,0.000147422315596073,3.89688330798273e-05,3.98608236015148e-05,0.000171268819025465,9.02394620490064e-06,0.000286787760653258,2.35824897131961e-06,8.26867286243006e-05,2.75542050724959e-06,4.23596849397005e-05,0.000340536172700974,2.26762767434166e-05,3.47072081925555e-07
AACGTGTGTCCAAG-1,0.00400732200651983,0.0112970686224013,0.000790660912294946,0.078670906483716,0.00701847718216706,0.00555381931990058,0.0238629307622981,0.00125730886316665,0.0399582160546224,0.00109109119980168,0.0495006570554927,0.000214733294664517,0.0327119540261759,0.740857004815139,0.00315949175469794,4.83576469380477e-05
AACGTGTGTGCTTT-1,0.00124830554838003,0.00351910661411285,0.000246295756333438,0.0179107520391466,0.000875132000048586,0.0017300490074399,0.00743345029041655,0.000391659473096475,0.0124472310558079,0.000444466305546678,0.707782273506575,0.000121054429323843,0.00324687062137027,0.241604088453851,0.000984201192973066,1.50637055766154e-05
AACTACCTTAGAGA-1,0.00615648478402344,0.0173557881155635,0.00121469945790039,0.0771028149754824,0.00707095995778,0.00853238252082319,0.036660834676944,0.00193161490677734,0.0613881658613289,0.00165863695308668,0.563753432155518,0.00109705045886869,0.0229711123032825,0.18817777505754,0.0048539555275656,7.42922875155627e-05
AACTCACTCAAGCT-1,0.00713569722769934,0.0201162921807807,0.00140790205567462,0.0423871673657562,0.0259239610435322,0.00988949051047651,0.042491880983717,0.00223884561645481,0.657074836012297,0.00685176200009508,0.0103372751500879,0.000382368017341255,0.0721399542598228,0.0959104630303085,0.00562599578681272,8.61087591401925e-05
AACTCACTTGGAGG-1,5.47579362632254e-05,0.000154368469942324,1.080396327858e-05,0.000357856277700133,3.48216502511923e-05,7.5890004452692e-05,0.000326074330081528,1.71804608394658e-05,0.998459506668732,3.99264562373524e-06,7.93262161974262e-05,2.93421693111151e-06,3.95854269344584e-05,0.000339068167063793,4.3172784033416e-05,6.6078167678312e-07
AACTCGGAAAGTGA-1,0.000127678441203765,0.00035993915831969,2.51914751694772e-05,0.00169160021305284,0.986929257359696,0.000176951837664985,0.000760303713805759,4.00594799674104e-05,0.00127312023697272,0.000953044955813162,0.0011404431911671,6.84167937669973e-06,0.00295752552469874,0.00345583651884526,0.000100665477320398,1.54073692304962e-06
AACTCGGAAGGTCT-1,0.843063422839668,0.0122951948689262,0.000860517941669217,0.0121330182773678,0.00105042019147113,0.00604451420137663,0.0259712853776152,0.00136839547767238,0.0434886328450211,0.00602793575912034,0.0063182027547646,0.00303172510008433,0.00784924004816316,0.0270062227109095,0.0034386414310788,5.26301750888177e-05
AACTCTTGCAGGAG-1,0.000552883316852398,0.00155863712316533,0.000109086124376524,0.976342457731089,0.000226413898659152,0.000766250891593978,0.00329232744887402,0.000173468740071237,0.00551296622717417,0.00117073290623475,0.00248613278158772,2.96263830059675e-05,0.000793511340488916,0.00654292363202304,0.000435909633489885,6.67182131392419e-06
AACTGTCTCCCTTG-1,0.000676810219229437,0.0019456006144309,2.82682712038163e-05,0.000894459822608879,6.01892940878823e-05,0.000198564095786019,0.000853164475065004,4.49521999319357e-05,0.9938870623306,1.67264110012063e-05,0.000324203711890184,7.67729738888509e-06,6.046946583739e-05,0.00088716247686231,0.000112960397112874,1.72891696196036e-06
AACTTGCTACGCTA-1,0.146577177105084,0.422749793757998,0.00851906774616853,0.0376745017058202,0.00449061128729562,0.0187689540007357,0.0806440079140122,0.00424903491941031,0.135037507476468,0.000980296671897344,0.0350856874402975,0.00480914043941174,0.00571577975731311,0.0838576157809536,0.0106774008825555,0.000163423114579196
AACTTGCTGGGACA-1,0.00189057984560122,0.00532974632006404,0.000373019085925186,0.0331843559636998,0.00260266674898509,0.00262018843402689,0.0112580861738101,0.000593174882464886,0.018851541970108,0.000720931940942303,0.833028534969325,0.000101307166104042,0.00608409726269805,0.0818483656425009,0.00149058935732713,2.28142364168888e-05
AAGAAGACGTAGGG-1,3.65546890164736e-15,0.999999999999986,9.39682367541283e-17,6.90299593998215e-16,3.36784515795644e-17,1.70463423388581e-16,4.35199993377237e-15,3.85905915929186e-17,1.22643786160465e-15,5.72662871375019e-17,1.24015130697469e-15,6.59081082945782e-18,1.13049022324412e-16,1.59932857082746e-15,9.69743069946973e-17,1.48424166690372e-18
AAGACAGAAGTCTG-1,6.16701486404783e-11,0.99999999990662,7.37322990023624e-13,2.77693710901061e-12,2.21735230424828e-13,1.38343447705036e-12,5.94416199227214e-12,3.13190674945012e-13,9.95343413588968e-12,4.72882710060954e-14,2.87852831415311e-12,5.34892164570662e-14,4.21302468653337e-13,6.18103264246735e-12,7.87016945775703e-13,1.20456990140079e-14
AAGACAGAGGATCT-1,0.0202506224726117,0.0570886662081762,0.00399553009520057,0.101255055882042,0.00467680015850821,0.0280657001187731,0.120589062815435,0.00635369128174178,0.201925064469236,0.00157829236699397,0.173425120030461,0.00108513437587647,0.0280369921780263,0.235463704060766,0.0159661926959137,0.000244370790236647
AAGACAGATTACCT-1,0.0157974623859775,0.044534733363845,0.00311690350727664,0.04394730854402,0.00666491262154562,0.0218939859940777,0.0940712401214557,0.00495649949521955,0.59675801210971,0.0096711420515757,0.035779356680856,0.000846510747654087,0.0114961965870813,0.0978199139416334,0.0124551887748691,0.000190633073199475
AAGAGATGGGTAGG-1,6.61714228270531e-05,0.99993341497463,8.94586526046795e-09,3.06957918561835e-08,1.42236063712135e-09,1.52922500799425e-08,6.57057586748151e-08,4.2611814862143e-08,1.10023573100476e-07,5.22716521783884e-10,3.83538392028298e-08,1.40026451313009e-08,8.86914084336145e-09,6.83240865651155e-08,8.69955186395322e-09,1.33151113936665e-10
AAGATGGAGAACTC-1,0.000253591977567397,0.000714902862429543,5.00347274320101e-05,0.000705473107455628,0.000128945227107564,0.00095851580487113,0.0350634044091434,7.95652160062076e-05,0.959564337203729,2.85751506181824e-05,0.00055876112344754,1.35887859167557e-05,0.00010703071623114,0.00157027406084071,0.000199939451032387,3.06017617213537e-06
AAGATGGAGATAAG-1,0.000154651915342929,0.000435980262001873,3.05134512017807e-05,0.000430229569250258,5.76328561561249e-05,0.00335565405845691,0.000920926230513734,4.85224854459568e-05,0.992075473775416,5.45841043483489e-05,0.000537880633095806,1.61904980575498e-05,0.000101538697021974,0.00165642306324989,0.000121932165903857,1.86623453384949e-06
AAGATTACAACCTG-1,0.000707420313801631,0.0019942934223707,0.000139576901659423,0.00803175891631903,0.000392131361576899,0.000980426483385302,0.0042125693553157,0.000221955169838688,0.951583841555486,0.000116101377207007,0.00773436213662631,3.79072844496879e-05,0.00376595268866269,0.0195154151707187,0.000557751193484476,8.53666909896002e-06
AAGATTACAGATCC-1,2.02959479601642e-26,5.72164443418634e-26,4.00447298913159e-27,9.2936474978016e-26,7.61034098847153e-27,8.57174108216071e-25,2.85276855785067e-23,6.36791233490115e-27,1,3.16925185463575e-27,1.30192547737105e-25,1.95090351883924e-27,6.82923389364798e-26,2.13747922271343e-25,1.60019285171415e-26,2.4491774894192e-28
AAGATTACCCGTTC-1,0.000564879071508669,0.0015924544260055,0.000111452935629268,0.00327590230926326,0.000236659459251332,0.000782876020821974,0.00836346008617565,0.000177232442065818,0.979582514295894,6.33067357195485e-05,0.000818323742744876,3.02691782909654e-05,0.000450681586232149,0.00349780368756884,0.000445367444891952,6.81657793379601e-06
AAGATTACCGCCTT-1,0.000413250070600209,0.00116499605809866,8.15359180191597e-05,0.00114962947074774,0.000179498145250411,0.986564229830909,0.00246083490896311,0.000129658403104707,0.00412064109307297,3.56109565553722e-05,0.000598663247681142,3.73331748160228e-05,0.000174415810745443,0.00255889745043711,0.000325818639163371,4.98682183625224e-06
AAGATTACCTCAAG-1,6.1666886627614e-33,4.37477595210011e-31,1.21671272542705e-33,3.09856940998238e-32,6.16528300674546e-33,8.54652424667215e-33,1.26087134529676e-29,1.93481639871573e-33,6.14899119444831e-32,1,3.44176055677099e-32,3.30443466553004e-34,8.51793299781766e-33,4.35257909669505e-31,4.86200058132235e-33,9.57049275961054e-34
AAGCAAGAGCGAGA-1,0.00211948223371859,0.00597504673543214,0.000418182455356617,0.034537712516361,0.00738965085923617,0.0029374283786276,0.0126211613838924,0.000664993678018925,0.0211339964227425,0.00168377838740008,0.0215310613452824,0.00041283165768683,0.0128256825962879,0.874052352098679,0.0016710627756536,2.55764756237072e-05
AAGCAAGAGCTTAG-1,5.14651771454337e-33,1.45085830564123e-32,1.01542885253151e-33,2.60238212123414e-32,1.20195137249922e-33,7.1326510664785e-33,1.2781484439072e-31,1.61473481591791e-33,5.13174797748841e-32,1,2.29276784085019e-32,1.82618609578478e-33,7.47285756870939e-33,6.05471989319633e-32,4.05766748641022e-33,6.21046890968824e-35
AAGCAAGAGGTGTT-1,6.37731962993553e-19,1.79783452660717e-18,1.25827106850242e-19,1.77412059657568e-18,8.80971690283537e-18,8.83844151386684e-19,1.93870345758205e-17,2.00090248751149e-19,6.35901764219021e-18,1,1.80797141984883e-18,6.3478277236644e-20,8.98534002859105e-19,3.16775392699231e-17,5.02806825624509e-19,6.51265229358532e-16
AAGCACTGAGCAAA-1,0.0608876845681193,0.175305907947602,0.180300459591898,0.0422990427125636,0.0065614393522331,0.0123334823324168,0.121093047985141,0.00965998400511608,0.0887360432084515,0.00112282700411185,0.0819776036444468,0.000798281622911182,0.032712233024692,0.179088224976451,0.00701634918927405,0.000107388834574662
AAGCACTGGTTCTT-1,2.24707520211577e-05,0.999122490010793,7.59983742683774e-07,7.93047141059894e-06,9.27013751631483e-07,2.29663934329162e-06,1.77259718364923e-05,5.199277882266e-07,1.65236941730367e-05,1.24166875909748e-07,1.4113817462494e-05,1.38776738159901e-07,0.000763286059112801,2.93661911971868e-05,1.30652668490265e-06,1.99970629277071e-08
AAGCCAACGTGTTG-1,0.0036851581192532,0.0103888541654767,0.000727096669202758,0.0617147410281189,0.00464733681062332,0.00510732660915766,0.0219444988787825,0.0011562290082676,0.0367458229097294,0.000865293809659956,0.667018883092288,0.0010503310400891,0.0300057231875745,0.151992746497006,0.00290548818346201,4.44699913046799e-05
AAGCCATGACACGT-1,0.0103567663929744,0.029196830077021,0.00204343208827386,0.0288117164942053,0.0458418899466582,0.0143536279372937,0.0616728078969823,0.00324946537699856,0.103270441052126,0.0010560646454546,0.0150035435509301,0.00105083369753268,0.067709367821206,0.608092652143734,0.00816558243914165,0.000124978439464955
AAGCCATGCGTGAT-1,0.00620217973409906,0.0174846066912742,0.00122371526159095,0.0974569224151089,0.00901808589249291,0.00859571190189481,0.0369329408017806,0.00194595180455235,0.0618438047126165,0.00137146088482511,0.495036071571134,0.000592203792729146,0.0177613346579943,0.239570183322115,0.00488998285328634,7.48437025075763e-05
AAGCCTGACATGCA-1,2.43358010224551e-05,6.86052210042548e-05,4.80155241663097e-06,0.987132606065798,0.000240090825186331,3.37274222653579e-05,0.000144915615983922,7.63542787836293e-06,0.000242659611070714,6.19119571870286e-06,0.000278531478486253,1.30403963322384e-06,0.00524739514504968,0.00654771986171353,1.91870688131897e-05,2.93667957698982e-07
AAGCCTGACCGAAT-1,1.32471536835424e-06,3.73451408085766e-06,2.61371723936928e-07,3.68525485959818e-06,7.09709308793433e-07,1.83594674980327e-06,7.88845793425093e-06,9.43160382019055e-06,0.999959181906076,1.34112611684124e-07,1.9190762960976e-06,7.09851854398075e-08,5.5910773048738e-07,8.20280752486148e-06,1.0444449608983e-06,1.5985767563945e-08
AAGCGACTCCTCAC-1,0.0184364679488151,0.051974371959993,0.00363759002464354,0.0512888162562004,0.00237658630772909,0.0255514310795276,0.468369002992544,0.00578449512783892,0.183835580593168,0.0067784914801993,0.0267083703606907,0.0185582099984213,0.00778127288475685,0.114160975022289,0.014535859158574,0.0002224788046089
AAGCGACTGTGTCA-1,0.00280581928781535,0.00790990416115595,0.000553599544656785,0.0264001395147316,0.00210425624194802,0.0260051963329164,0.0167081834973963,0.000880333911720051,0.0279776701682195,0.00140717115704043,0.721355296725766,0.000477566917447919,0.00960706294233981,0.15356174956319,0.00221219130749896,3.38587261590255e-05
AAGCGACTTACAGC-1,1.94965129435152e-10,0.999999997989242,6.54261716417607e-12,2.006317122107e-11,6.04233094641323e-12,9.99521480512799e-12,4.29461431660798e-11,2.2627801569657e-12,7.19128461249294e-11,3.41654389893006e-13,3.94321026024369e-11,3.86455749298953e-13,3.04388013455454e-12,1.60705005785412e-09,5.68614084722526e-12,8.70293109377026e-14
AAGCGACTTTGACG-1,2.29630767429843e-08,6.47353659711425e-08,4.53070832400613e-09,1.20543465837284e-07,9.6963217744941e-09,3.18249393468566e-08,0.999998281354577,7.20473175466405e-09,2.28971760826827e-07,1.02261659588841e-06,3.32659359236863e-08,2.02855832197427e-09,9.69176786955007e-09,1.42190317631688e-07,1.81047719565753e-08,2.77102853609122e-10
AAGCGTACGTCTTT-1,0.00123647022053533,0.00348574151452708,0.000243960598624769,0.0102835680380517,0.00153086937150997,0.00171364620598715,0.0223650960729726,0.000387946101614084,0.0123292175252593,0.00031444327991947,0.752762678973996,0.00083441691670639,0.167186363562651,0.0243357908553039,0.000974869877571149,1.49208847692079e-05
AAGGCTTGCGAACT-1,1.83906135829227e-10,5.18451039149833e-10,3.6285427682714e-11,3.24569302122114e-09,1.09095404863906e-05,2.54878807502272e-10,1.09513020355782e-09,5.77010820888921e-11,1.83378352275329e-09,0.999989060638477,2.02454174209621e-09,9.85465368431197e-12,1.23507370081239e-08,8.00413003086139e-09,1.4499706155803e-10,6.09396246568091e-11
AAGGTCACGGTTAC-1,0.0236806820588861,0.0681355979613791,0.000803424952604248,0.0113280260977061,0.000931160977157746,0.00564347744793143,0.802755923103411,0.00127760623961237,0.040603281788938,0.000466704584840938,0.0124858024413604,0.0016956130941277,0.00171862929351571,0.0252144346186004,0.00321049703091476,4.91383090156495e-05
AAGGTCACTGTTTC-1,1.45201562751929e-13,0.999999999999126,1.07876114559804e-14,6.56437429241601e-14,3.04175509680466e-15,3.27028715627938e-14,1.4051345852183e-13,7.40348360052263e-15,2.35288246477693e-13,1.11784288617119e-15,5.49855785282834e-14,1.26442632573503e-15,9.95912776477261e-15,1.46112822264239e-13,1.86042158091684e-14,2.84747094866603e-16
AAGGTCACTTCCCG-1,2.34454731124589e-07,6.60952916166324e-07,4.62588710221021e-08,3.82409330363912e-06,0.999877188888692,3.24935008840662e-07,1.39613862479472e-06,7.3560849268233e-08,2.33781882908374e-06,7.23800719854255e-05,3.71210852877059e-06,1.25633120253179e-08,1.091274882266e-05,2.67077252008063e-05,1.84851078206559e-07,2.82924083803448e-09
AAGGTCTGACAGTC-1,0.00535165940587751,0.0150868990977249,0.00105590414513144,0.0547622123554231,0.0156902308088288,0.00741696055546012,0.0318682348020914,0.00167909859486909,0.0533630100094528,0.00150722561020403,0.548455445381708,0.000565119539233036,0.126335804546984,0.132578207600812,0.00421940734671729,6.45801994819387e-05
AAGTAACTCTGAAC-1,0.00373687117377403,0.0105346389158264,0.00139427486369976,0.0103956842266267,0.0115234934300693,0.00517899668114275,0.0222524413249168,0.00117245413726953,0.894388775769428,0.00610091337600086,0.00541349567204143,0.000200241123393891,0.0015771792340844,0.0231391857737467,0.00294626026832225,4.50940296558329e-05
AAGTAGGATACAGC-1,2.1097279162747e-26,5.94754822990832e-26,4.16257889412131e-27,1.12806149586343e-25,7.21453256276753e-26,2.92390968740834e-26,7.90573669192131e-24,6.61933229804919e-27,2.10367332673998e-25,1,1.64399475828609e-25,2.09042261838306e-27,3.2945910681025e-26,2.60948151570613e-25,1.66337219002655e-26,6.88065577022653e-26
AAGTATACCGAACT-1,0.0111755940461109,0.0315051929775937,0.00220499010709078,0.0666070992341755,0.00564050776994199,0.0154884559015192,0.217872722808988,0.00350637494142864,0.111435217860509,0.00471268185488871,0.215574346498906,0.00100186153996458,0.0200799726407473,0.28424895188621,0.00881117043450601,0.000134859497417232
AAGTCCGACTTGTT-1,0.00486441754539702,0.0137133124566601,0.000959769344292918,0.080729914315698,0.00730515597733755,0.00674168337219514,0.0289667910199311,0.00152622506554004,0.0485045741267846,0.0011292139373708,0.447696586427099,0.000260660961183417,0.154921645064277,0.19878609854203,0.00383525134901763,5.8700495189077e-05
AAGTCCGATAGAAG-1,0.000149035236674035,0.00042014624800091,2.94052576471169e-05,0.00195079254674679,0.000155293813281463,0.000206550603431857,0.000887479847806402,4.67602364738714e-05,0.00148607527868295,0.977441185262193,0.0113523835740024,6.50599558970292e-05,0.000558826875460672,0.00476224133901995,0.000117503808987265,0.00037126011568931
